OG0001492	1	6	6
OG0002655	7	7	7
OG0003877	6	6	6
OG0001678	6	7	6
OG0000015	6	6	6
OG0003716	6	6	6
OG0000374	1	6	6
OG0005189	1	6	6
OG0007120	1	1	1
OG0001245	1	1	1
OG0005269	1	6	6
OG0002540	1	6	6
OG0001079	6	6	7
OG0001686	6	6	6
OG0000661	1	1	6
OG0004661	6	6	6
OG0007063	6	6	6
OG0002627	6	6	6
OG0001414	1	6	6
OG0001476	6	6	6
OG0003455	1	1	1
OG0002206	1	1	1
OG0004823	1	1	1
OG0003362	1	1	6
OG0006130	1	6	6
OG0000532	1	13	1
OG0002902	6	6	13
OG0006530	6	6	6
OG0003566	1	1	10
OG0001235	1	5	10
OG0000460	1	1	2
OG0004597	10	10	10
OG0000463	6	10	10
OG0003203	1	1	6
OG0005238	6	6	6
OG0005491	1	6	6
OG0002306	1	6	6
OG0001212	6	6	6
OG0002756	1	6	6
OG0008742	6	6	11
OG0006475	6	6	6
OG0003765	1	6	6
OG0000758	1	6	1
OG0000351	6	6	6
OG0001432	1	3	2
OG0000113	6	6	6
OG0003803	1	1	1
OG0004168	1	6	6
OG0017110	1	6	22
OG0000043	1	3	5
OG0001591	6	6	6
OG0003026	1	1	5
OG0002051	1	12	12
OG0000795	6	6	6
OG0001006	6	6	6
OG0000985	1	6	6
OG0009131	1	1	19
OG0000292	1	3	6
OG0000239	1	6	6
OG0002943	1	6	5
OG0004096	1	1	1
OG0001854	1	1	6
OG0006827	12	12	12
OG0006507	6	6	6
OG0000288	1	1	16
OG0004579	1	1	2
OG0000009	1	16	3
OG0003889	1	1	1
OG0002148	1	1	6
OG0002578	5	6	6
OG0006382	1	1	11
OG0005529	1	6	17
OG0000159	1	6	14
OG0006213	1	1	6
OG0001580	1	1	1
OG0000267	4	6	6
OG0005484	1	10	13
OG0003724	1	1	8
OG0003602	1	6	1
OG0000636	1	1	6
OG0004547	1	6	12
OG0001464	1	1	2
OG0001962	1	1	1
OG0001430	1	1	1
OG0002693	1	6	6
OG0000019	1	6	6
OG0006338	6	6	6
OG0002933	1	1	1
OG0000164	1	6	6
OG0003881	1	6	6
OG0000566	1	6	3
OG0002691	1	1	6
OG0000560	1	6	6
OG0000053	1	1	1
OG0000591	1	6	1
OG0001618	1	1	14
OG0000521	6	6	19
OG0003117	6	6	6
OG0002193	6	6	6
OG0002386	1	1	6
OG0000217	1	16	6
OG0003628	1	7	13
OG0001004	6	6	6
OG0000022	1	14	6
OG0008045	1	5	5
OG0004967	1	1	6
OG0004408	1	1	1
OG0003663	1	6	6
OG0003596	1	1	6
OG0006807	1	1	7
OG0005778	6	6	8
OG0003856	1	3	13
OG0008571	1	1	15
OG0000647	6	6	7
OG0002690	6	6	6
OG0002130	6	6	6
OG0000047	1	1	13
OG0001134	1	1	1
OG0005272	1	1	8
OG0001062	1	1	1
OG0001384	3	6	6
OG0007223	1	6	6
OG0004342	1	6	1
OG0002500	1	1	6
OG0002150	1	6	6
OG0005380	6	6	6
OG0001893	1	6	1
OG0000001	1	6	7
OG0002698	1	1	1
OG0002598	7	21	21
OG0005898	1	1	6
OG0000272	1	1	1
OG0004997	1	10	10
OG0006514	7	14	7
OG0000107	1	8	11
OG0000704	7	7	14
OG0004572	6	6	6
OG0001571	1	1	6
OG0000400	1	1	6
OG0001175	6	6	13
OG0002910	1	8	6
OG0001550	6	6	6
OG0000551	6	6	6
OG0003423	6	6	6
OG0001054	1	6	6
OG0006776	1	1	16
OG0000259	1	5	10
OG0003417	6	6	6
OG0000117	1	6	6
OG0002979	1	6	6
OG0004312	7	7	7
OG0001510	1	1	1
OG0000183	14	14	14
OG0001076	6	8	6
OG0000859	1	3	6
OG0001669	7	7	7
OG0000000	1	6	6
OG0006073	1	6	6
OG0000384	6	6	6
OG0000472	1	2	2
OG0000987	1	1	6
OG0002418	6	6	6
OG0003537	1	6	6
OG0000710	1	7	7
OG0000705	6	6	6
OG0001640	6	6	6
OG0003081	1	6	6
OG0002111	1	6	6
OG0000544	15	15	15
OG0000002	1	6	6
OG0003848	1	6	6
OG0000933	1	6	7
OG0001707	6	6	8
OG0002908	6	6	7
OG0004974	6	6	6
OG0001165	1	1	1
OG0002946	1	6	6
OG0000665	6	6	16
OG0000340	13	18	16
OG0002676	1	1	6
OG0008692	1	6	13
OG0003895	7	7	7
OG0004633	1	6	6
OG0007247	1	7	7
OG0002232	6	6	6
OG0007263	6	6	8
OG0004532	1	1	1
OG0000308	1	6	1
OG0002100	1	6	6
OG0000396	1	1	6
OG0006108	5	6	16
OG0004218	1	6	6
OG0000689	1	1	1
OG0002803	6	6	6
OG0053735	1	1	22
OG0000984	6	11	6
OG0006771	7	7	10
OG0000391	4	6	6
OG0000123	1	1	1
OG0002001	1	1	1
OG0000842	16	16	16
OG0001337	6	6	6
OG0002105	1	1	6
OG0000588	1	6	6
OG0000305	6	6	6
OG0002407	6	6	8
OG0000189	1	7	1
OG0001093	10	11	10
OG0004903	6	6	8
OG0001490	1	1	3
OG0003655	1	6	6
OG0000414	1	13	13
OG0003353	1	6	6
OG0000561	1	1	7
OG0000181	5	6	6
OG0009285	6	6	21
OG0002094	1	1	6
OG0002495	1	1	1
OG0002950	1	6	6
OG0001077	6	6	6
OG0003424	6	6	6
OG0000228	1	1	1
OG0000470	15	19	15
OG0003110	6	6	15
OG0005248	1	14	12
OG0006143	1	1	1
OG0001589	1	1	6
OG0007449	1	7	7
OG0000025	1	6	6
OG0000317	6	6	6
OG0000928	6	6	6
OG0000999	8	8	8
OG0001717	6	6	11
OG0006005	6	6	6
OG0006958	22	22	22
OG0001409	6	6	22
OG0006978	6	6	7
OG0003337	1	1	1
OG0008267	1	1	19
OG0000398	6	6	6
OG0004655	1	6	6
OG0004971	1	1	6
OG0000057	1	15	13
OG0002308	6	6	6
OG0003555	1	1	1
OG0005168	1	6	6
OG0007901	6	6	19
OG0005723	1	1	6
OG0003543	3	3	6
OG0000213	6	6	6
OG0000547	1	1	12
OG0002247	6	6	7
OG0001352	1	6	6
OG0000037	1	15	7
OG0002189	1	1	1
OG0000763	6	6	6
OG0000879	21	21	21
OG0006200	1	6	6
OG0000725	1	1	1
OG0002033	1	1	1
OG0008553	1	1	19
OG0006614	6	6	6
OG0000573	1	6	6
OG0005565	1	1	6
OG0005804	1	6	14
OG0004735	1	6	6
OG0003940	6	6	6
OG0000926	1	6	6
OG0000173	6	6	6
OG0000702	3	13	14
OG0000885	1	1	1
OG0000884	4	7	6
OG0002982	6	8	15
OG0000100	1	7	6
OG0000050	1	1	6
OG0000477	1	1	14
OG0000998	1	1	6
OG0006305	9	9	6
OG0003684	1	1	1
OG0004611	6	6	6
OG0000648	4	6	6
OG0003458	1	2	1
OG0000761	1	1	1
OG0000533	1	1	1
OG0005638	1	7	7
OG0001680	1	6	19
OG0007189	1	7	7
OG0004482	1	1	12
OG0001121	1	1	6
OG0001496	1	6	6
OG0002428	1	6	6
OG0000134	1	6	6
OG0001268	14	15	15
OG0003607	6	6	6
OG0009487	1	1	21
OG0006322	1	6	6
OG0006973	1	6	6
OG0000389	1	1	6
OG0002196	1	1	14
OG0002769	6	6	6
OG0002638	1	1	6
OG0005478	1	6	6
OG0001469	1	1	1
OG0007393	1	1	19
OG0001448	1	6	7
OG0003615	1	6	6
OG0001913	1	1	6
OG0003924	1	6	12
OG0003712	1	6	6
OG0005323	1	1	12
OG0002153	1	1	6
OG0000630	6	6	6
OG0014919	1	1	23
OG0000175	6	7	7
OG0005963	1	6	6
OG0003764	1	3	3
OG0004815	6	6	11
OG0008410	6	6	7
OG0000176	1	6	6
OG0004549	1	6	6
OG0001252	1	5	5
OG0000614	16	16	16
OG0001131	1	13	13
OG0005817	1	1	8
OG0004846	7	7	7
OG0005209	6	6	6
OG0000135	1	6	6
OG0002299	1	6	6
OG0002423	6	6	6
OG0002090	6	6	6
OG0006830	6	6	6
OG0001418	1	1	1
OG0000075	6	14	12
OG0000180	1	6	14
OG0005762	2	6	6
OG0006764	1	1	16
OG0001133	1	7	6
OG0001223	1	6	6
OG0003105	1	1	1
OG0001113	1	6	6
OG0000748	6	6	15
OG0000241	1	1	1
OG0002785	6	6	6
OG0008705	6	6	21
OG0000484	1	6	14
OG0000989	1	1	1
OG0001730	1	6	6
OG0006208	1	6	6
OG0000195	1	6	6
OG0004283	1	1	2
OG0001419	1	1	1
OG0006935	1	1	1
OG0001740	1	1	1
OG0001406	1	1	1
OG0001781	1	1	1
OG0002766	1	1	1
OG0000179	1	1	1
OG0001979	6	6	6
OG0003806	1	1	2
OG0000018	1	6	2
OG0002707	1	6	6
OG0000336	1	1	1
OG0001378	1	6	16
OG0005253	1	1	6
OG0000323	1	6	6
OG0004029	6	6	6
OG0005977	7	7	7
OG0003518	1	6	6
OG0001151	16	16	16
OG0000712	1	1	1
OG0002007	15	15	14
OG0006352	1	6	6
OG0000196	5	6	14
OG0007512	1	1	19
OG0000101	1	6	1
OG0000342	1	12	6
OG0006493	6	6	6
OG0006076	1	6	6
OG0002784	1	1	1
OG0001343	1	1	1
OG0005419	1	1	6
OG0006089	1	6	6
OG0002861	1	1	6
OG0002136	1	6	6
OG0005739	1	6	6
OG0008421	1	1	6
OG0000535	1	6	6
OG0002053	1	6	6
OG0003472	6	6	6
OG0002319	1	6	6
OG0000684	3	3	3
OG0000580	6	6	6
OG0003682	6	6	6
OG0004737	1	6	6
OG0000072	1	15	14
OG0003664	6	6	6
OG0004999	6	6	7
OG0004074	1	8	8
OG0002045	1	6	19
OG0008241	1	6	1
OG0000938	1	1	12
OG0006656	1	6	12
OG0000172	1	8	1
OG0004226	6	6	6
OG0007468	6	6	15
OG0000341	1	2	5
OG0000612	1	1	1
OG0000592	1	1	6
OG0001356	1	1	6
OG0002117	19	19	19
OG0001089	1	5	5
OG0002897	1	1	1
OG0000156	1	6	21
OG0001742	1	1	19
OG0010062	1	1	6
OG0004299	6	6	6
OG0001456	1	1	6
OG0003011	1	6	6
OG0001489	1	7	7
OG0000559	6	6	6
OG0005551	1	3	3
OG0001944	6	6	6
OG0005092	1	1	14
OG0006374	1	1	7
OG0002522	1	6	7
OG0000032	1	1	1
OG0001222	1	6	6
OG0000363	6	6	6
OG0001869	1	6	6
OG0007082	19	19	19
OG0003232	1	6	7
OG0000248	1	1	1
OG0007625	1	6	6
OG0005031	1	1	14
OG0006674	1	1	7
OG0004166	1	1	1
OG0012023	1	1	16
OG0001276	1	6	8
OG0000720	1	1	1
OG0001310	6	6	6
OG0000889	6	6	6
OG0001068	6	6	14
OG0000605	1	10	10
OG0003635	1	6	6
OG0003917	1	1	1
OG0000268	14	14	14
OG0002911	1	7	6
OG0005315	1	6	6
OG0000429	1	13	19
OG0006672	1	6	6
OG0000593	1	6	3
OG0005572	6	6	6
OG0001739	1	6	6
OG0000191	6	6	6
OG0000028	1	8	7
OG0006257	1	1	14
OG0000895	1	1	6
OG0002715	6	6	6
OG0000492	1	6	6
OG0000017	6	15	6
OG0002640	7	7	7
OG0001756	6	6	6
OG0000011	6	6	6
OG0000567	1	1	6
OG0027638	1	1	22
OG0004355	6	6	6
OG0001168	11	11	8
OG0000436	6	6	12
OG0006372	19	19	19
OG0004573	6	6	6
OG0000509	6	6	6
OG0005921	2	2	7
OG0005571	6	6	6
OG0003650	6	6	13
OG0005059	1	1	6
OG0000616	1	6	6
OG0006630	1	1	6
OG0000041	1	13	13
OG0002057	1	1	5
OG0001379	1	6	6
OG0000584	6	6	7
OG0000496	1	2	1
OG0002936	1	1	1
OG0004559	1	8	6
OG0006376	1	1	6
OG0000291	1	1	6
OG0000481	1	19	5
OG0001718	1	1	19
OG0004720	1	1	6
OG0000145	6	6	6
OG0004519	1	1	1
OG0000163	1	6	19
OG0003531	1	1	1
OG0001898	1	1	1
OG0005468	6	6	7
OG0000284	1	1	1
OG0001267	6	6	6
OG0000051	1	6	6
OG0001055	1	1	1
OG0006747	1	1	6
OG0000461	2	2	9
OG0006930	1	1	13
OG0005678	6	6	6
OG0003189	6	6	6
OG0009892	1	1	18
OG0006063	1	2	19
OG0002724	1	5	5
OG0000399	1	5	5
OG0005041	1	6	6
OG0007969	5	5	5
OG0004116	1	6	6
OG0002262	1	1	1
OG0000096	6	6	6
OG0000413	1	1	14
OG0001695	1	6	6
OG0003753	8	8	8
OG0003505	6	6	6
OG0002397	1	6	6
OG0001641	1	1	1
OG0000790	1	1	1
OG0003534	6	6	6
OG0000670	1	6	1
OG0003898	6	6	6
OG0005951	6	6	6
OG0005408	4	4	7
OG0001040	6	6	16
OG0005737	6	6	6
OG0003842	1	7	8
OG0000455	1	1	1
OG0001244	1	10	10
OG0002847	1	6	6
OG0004540	1	6	6
OG0001835	1	6	6
OG0004606	1	1	6
OG0000948	1	6	6
OG0003351	1	6	4
OG0006316	4	6	6
OG0002375	1	6	6
OG0003101	1	6	1
OG0004224	6	6	6
OG0000063	1	6	6
OG0001394	6	6	13
OG0000646	16	19	19
OG0002370	7	7	8
OG0011105	1	1	7
OG0002986	1	6	6
OG0005554	6	6	6
OG0001194	19	19	19
OG0004629	1	1	1
OG0000557	6	6	6
OG0001994	1	1	6
OG0000835	6	6	6
OG0005911	1	1	19
OG0004252	1	1	3
OG0002550	13	18	14
OG0004780	6	6	6
OG0001844	1	15	8
OG0002389	1	6	6
OG0004146	1	6	6
OG0001660	6	6	6
OG0000048	1	7	10
OG0005033	6	6	6
OG0005993	6	6	6
OG0000321	1	6	6
OG0001001	1	1	1
OG0006432	1	6	6
OG0003195	1	1	6
OG0000355	1	1	1
OG0000042	15	15	19
OG0001209	1	1	6
OG0000766	2	2	6
OG0004236	1	6	6
OG0006140	6	12	12
OG0001936	6	6	6
OG0006100	1	7	8
OG0001046	1	1	1
OG0006897	1	6	6
OG0000787	1	1	7
OG0000826	6	6	6
OG0003732	1	1	1
OG0007927	1	7	7
OG0004809	1	6	6
OG0002455	6	6	6
OG0002675	1	1	1
OG0006292	1	1	12
OG0005636	7	7	7
OG0005793	1	8	8
OG0001073	1	1	21
OG0007130	6	6	6
OG0006476	1	6	6
OG0001129	6	13	8
OG0000027	1	1	1
OG0000539	1	1	1
OG0000526	1	6	6
OG0000030	1	6	1
OG0003649	1	1	6
OG0000728	1	6	6
OG0001090	1	1	6
OG0002481	1	1	6
OG0000963	6	8	6
OG0001407	1	1	1
OG0000403	1	2	6
OG0006097	6	6	6
OG0005020	2	5	5
OG0001984	1	6	6
OG0001675	1	3	19
OG0006215	1	6	6
OG0000419	5	6	6
OG0000538	1	1	3
OG0002253	4	4	6
OG0003029	14	14	14
OG0000031	6	13	6
OG0007211	1	1	7
OG0002541	6	7	13
OG0000253	6	6	7
OG0002154	1	2	2
OG0001088	1	6	6
OG0003307	1	6	6
OG0000254	6	6	6
OG0001923	1	6	6
OG0001225	6	6	6
OG0002151	1	1	6
OG0000975	1	1	1
OG0003714	1	1	12
OG0001950	1	1	1
OG0008736	12	12	12
OG0003503	7	7	7
OG0000152	1	1	1
OG0005686	1	1	6
OG0000201	2	6	2
OG0000992	1	1	6
OG0004662	1	1	4
OG0007964	1	6	7
OG0005671	1	1	16
OG0002393	1	1	1
OG0000977	1	1	6
OG0000206	1	6	6
OG0000595	6	6	6
OG0008059	16	16	16
OG0000892	1	6	6
OG0003398	1	6	4
OG0000263	1	6	6
OG0005080	6	6	6
OG0006439	1	1	1
OG0000871	1	1	6
OG0002990	1	6	6
OG0000753	3	3	3
OG0003249	1	6	6
OG0002812	1	5	1
OG0002414	6	6	6
OG0000059	1	14	18
OG0004073	6	6	6
OG0004601	1	1	6
OG0007751	1	5	5
OG0003632	1	6	6
OG0000070	1	1	6
OG0002992	1	1	6
OG0001367	1	6	6
OG0008586	6	6	6
OG0000392	1	1	16
OG0005249	1	1	1
OG0001755	6	6	6
OG0009737	1	1	19
OG0000489	1	6	6
OG0006831	6	6	6
OG0001330	1	6	6
OG0000638	1	6	6
OG0000054	1	6	1
OG0003068	1	1	1
OG0006659	14	14	12
OG0002357	1	1	1
OG0001012	1	13	8
OG0000813	1	6	8
OG0001166	6	6	6
OG0003906	1	6	1
OG0003548	6	6	6
OG0000867	1	1	1
OG0007088	6	6	6
OG0000666	6	6	20
OG0002740	1	8	8
OG0003183	1	6	3
OG0000412	1	6	4
OG0006160	6	6	6
OG0000353	1	6	3
OG0001862	1	3	7
OG0001794	13	13	13
OG0003096	6	6	6
OG0001067	1	1	6
OG0004548	1	6	6
OG0000130	1	6	6
OG0003611	1	6	6
OG0004795	1	1	8
OG0007074	1	1	21
OG0001435	1	1	5
OG0000597	1	3	1
OG0000013	1	1	1
OG0000529	6	6	6
OG0000095	1	8	7
OG0007745	1	1	19
OG0000014	12	14	15
OG0001433	1	1	1
OG0006954	14	14	14
OG0004293	1	6	6
OG0000199	1	13	14
OG0000238	6	6	6
OG0000069	7	7	7
OG0002364	1	6	6
OG0006293	6	6	6
OG0003106	1	1	3
OG0009965	4	4	19
OG0005262	1	6	6
OG0003846	1	6	6
OG0001935	1	1	1
OG0007045	5	22	22
OG0004417	1	6	6
OG0005917	1	6	6
OG0001537	6	14	14
OG0006826	1	8	8
OG0006437	6	6	6
OG0003865	1	10	2
OG0008220	1	6	15
OG0001864	1	6	11
OG0002924	1	6	6
OG0001848	1	1	1
OG0000210	1	6	6
OG0000211	1	5	1
OG0000320	6	6	6
OG0010484	22	22	22
OG0000326	1	1	1
OG0001530	1	6	15
OG0003149	1	1	6
OG0005991	1	1	6
OG0000688	3	6	6
OG0000264	6	7	7
OG0000046	1	6	6
OG0003354	1	6	6
OG0000639	1	1	1
OG0000578	1	7	7
OG0008225	1	1	23
OG0001056	6	21	21
OG0002353	1	1	13
OG0000097	1	6	6
OG0004238	6	6	6
OG0001431	1	6	6
OG0001242	1	1	6
OG0000447	1	6	6
OG0004071	1	14	14
OG0000631	6	6	6
OG0005798	1	1	6
OG0000632	1	1	1
OG0004075	1	1	7
OG0003798	1	6	6
OG0006675	6	6	6
OG0004144	1	6	6
OG0000186	1	5	6
OG0001720	6	6	6
OG0005586	1	6	6
OG0000444	6	6	6
OG0000003	6	6	6
OG0005095	1	6	6
OG0002633	1	6	6
OG0006524	1	1	7
OG0003872	1	1	6
OG0000203	1	11	10
OG0001877	1	1	1
OG0002697	1	6	6
OG0000251	1	6	6
OG0004476	6	7	6
OG0001949	1	6	6
OG0006931	6	6	6
OG0004638	1	1	6
OG0000147	14	14	19
OG0006268	1	1	6
OG0002579	1	6	6
OG0000166	1	6	1
OG0005393	6	6	6
OG0000514	1	6	6
OG0000523	1	1	6
OG0003733	1	6	7
OG0002779	1	6	1
OG0002214	1	1	14
OG0001312	1	1	1
OG0003134	6	6	6
OG0000010	1	1	1
OG0000424	1	17	12
OG0006253	14	14	12
OG0000197	1	1	1
OG0004695	1	1	1
OG0002718	1	6	15
OG0005995	1	1	1
OG0006465	1	6	6
OG0000345	1	6	19
OG0001612	1	1	1
OG0000601	6	6	6
OG0000066	1	1	6
OG0001847	6	6	6
OG0004066	1	1	1
OG0000376	1	6	9
OG0003618	1	1	6
OG0001191	1	6	6
OG0001544	6	15	15
OG0005602	1	1	6
OG0003112	6	6	6
OG0000155	1	1	1
OG0000752	1	6	6
OG0004687	1	1	6
OG0005657	1	6	1
OG0005679	6	6	6
OG0014086	1	6	21
OG0000714	1	1	4
OG0001141	1	6	6
OG0005456	6	6	6
OG0001341	1	1	6
OG0007270	1	1	10
OG0003213	1	6	18
OG0001374	6	6	6
OG0000104	6	6	6
OG0005172	1	10	10
OG0000582	6	6	6
OG0000184	1	6	6
OG0005862	1	1	6
OG0017442	1	1	19
OG0000216	1	6	6
OG0005776	1	6	6
OG0003028	7	21	22
OG0001526	1	8	6
OG0003612	6	6	6
OG0000055	1	1	1
OG0001868	7	16	16
OG0005667	1	6	6
OG0002832	1	6	6
OG0000910	14	14	14
OG0006623	1	1	1
OG0002470	6	6	6
OG0000610	1	1	4
OG0002501	6	6	10
OG0000537	1	1	6
OG0000446	1	6	6
OG0007522	6	6	7
OG0005532	1	1	6
OG0001486	1	1	6
OG0002437	6	6	6
OG0000706	1	1	1
OG0000806	1	2	10
OG0001703	1	1	6
OG0004396	1	1	1
OG0001475	6	6	6
OG0000662	14	14	18
OG0006903	6	6	11
OG0011429	1	6	19
OG0007771	10	10	10
OG0001401	1	1	6
OG0004282	14	14	16
OG0005899	1	1	15
OG0000205	1	14	14
OG0002543	6	6	6
OG0000681	1	6	16
OG0005540	6	6	6
OG0005001	1	1	1
OG0000282	1	1	1
OG0000021	1	6	1
OG0001028	1	6	6
OG0008049	6	6	6
OG0003058	1	1	1
OG0000694	1	1	6
OG0006247	2	14	19
OG0005945	6	6	6
OG0004793	1	1	6
OG0002186	6	6	6
OG0004454	6	6	6
OG0000234	1	6	6
OG0000005	2	14	13
OG0001157	5	5	5
OG0000232	1	6	6
OG0005929	6	6	7
OG0004712	1	1	6
OG0003253	1	1	7
OG0002208	6	6	6
OG0001364	1	1	1
OG0006914	1	6	15
OG0000149	1	8	7
OG0006815	6	6	6
OG0003721	1	6	6
OG0001420	1	6	5
OG0002944	1	6	6
OG0000249	6	6	6
OG0000482	1	1	1
OG0000629	1	1	6
OG0001128	1	6	6
OG0000598	6	6	10
OG0000553	1	1	1
OG0002632	1	1	6
OG0000362	6	6	6
OG0000337	1	6	1
OG0004657	6	10	10
OG0002804	1	1	2
OG0003251	1	1	9
OG0000067	1	6	8
OG0000044	1	15	15
OG0002315	7	7	16
OG0000495	7	11	13
OG0000912	1	1	6
OG0000659	1	21	21
OG0000786	1	1	1
OG0003532	1	1	1
OG0002257	1	6	6
OG0001553	1	6	6
OG0001097	14	14	15
OG0001512	1	1	1
OG0000038	1	16	16
OG0006169	1	6	9
OG0004043	1	1	1
OG0002236	1	6	6
OG0004369	6	6	6
OG0002168	1	6	6
OG0000119	6	8	13
OG0001888	1	1	6
OG0003346	6	6	6
OG0001843	1	1	19
OG0001947	1	1	1
OG0002182	6	6	6
OG0001295	1	6	6
OG0004682	1	1	5
OG0002877	6	6	6
OG0001525	1	1	1
OG0000246	6	6	1
OG0002767	6	6	6
OG0001231	4	6	6
OG0002885	1	6	6
OG0000157	1	1	6
OG0000040	1	3	1
OG0006416	1	1	6
OG0003184	1	1	1
OG0001382	1	6	6
OG0002831	1	3	9
OG0000583	6	6	6
OG0002036	6	6	6
OG0002147	1	1	6
OG0006636	6	6	6
OG0005062	1	6	6
OG0003237	6	7	6
OG0000378	2	2	2
OG0001975	1	1	3
OG0000076	2	2	3
OG0004905	1	1	6
OG0004493	1	6	6
OG0004713	1	6	6
OG0000171	1	6	6
OG0007655	1	6	6
OG0003559	6	6	6
OG0000190	7	7	7
OG0001273	16	16	16
OG0001211	1	1	11
OG0003774	1	1	6
OG0001372	1	3	6
OG0001018	1	1	1
OG0003340	1	6	6
OG0001177	1	6	6
OG0003513	19	19	19
OG0000677	6	6	6
OG0002504	6	6	6
OG0000093	1	14	14
OG0011158	4	4	13
OG0000838	6	6	17
OG0000350	6	6	6
OG0000876	11	11	11
OG0000734	1	6	6
OG0004086	1	6	6
OG0000328	1	6	1
OG0005757	6	6	6
OG0004892	1	6	6
OG0005806	1	1	7
OG0002077	6	6	6
OG0001995	8	8	8
OG0005025	1	7	5
OG0000602	6	6	6
OG0004172	6	6	6
OG0003983	6	6	6
OG0002263	1	6	16
OG0002620	1	6	6
OG0000247	5	6	6
OG0000278	1	1	1
OG0001230	1	1	19
OG0003641	1	7	7
OG0002191	6	6	7
OG0000309	7	21	19
OG0001438	1	2	7
OG0002345	1	1	6
OG0000269	6	6	16
OG0000452	1	1	1
OG0001833	1	1	1
OG0003685	6	6	6
OG0000845	1	1	7
OG0008965	1	1	21
OG0002489	1	6	6
OG0000716	1	14	14
OG0004151	1	6	6
OG0001360	1	6	12
OG0002856	1	6	6
OG0001744	6	6	9
OG0004716	1	6	6
OG0001363	1	1	11
OG0002554	7	7	8
OG0000357	1	1	6
OG0004514	6	6	6
OG0004338	6	6	10
OG0002110	1	6	6
OG0000861	4	6	6
OG0005412	6	6	6
OG0000723	8	8	8
OG0007209	14	14	21
OG0002311	6	6	6
OG0002959	1	1	1
OG0000146	1	1	1
OG0007192	6	6	6
OG0004244	1	1	4
OG0006818	6	6	8
OG0003379	1	1	6
OG0005820	6	8	6
OG0006318	6	6	6
OG0000607	6	6	6
OG0000721	1	5	5
OG0006618	1	6	8
OG0001154	8	14	14
OG0004021	1	1	1
OG0000188	1	1	1
OG0001564	1	1	6
OG0001038	1	6	1
OG0000508	1	5	13
OG0009065	1	11	11
OG0000322	1	1	1
OG0005403	1	1	12
OG0003047	1	1	1
OG0000299	1	2	1
OG0001701	6	6	6
OG0001592	1	6	7
OG0004650	6	6	6
OG0000427	7	12	11
OG0000136	7	7	7
OG0004619	6	6	6
OG0006413	7	7	6
OG0006616	6	6	6
OG0001167	1	1	4
OG0003342	6	6	6
OG0000449	1	6	14
OG0000918	5	5	14
OG0000154	1	14	13
OG0001238	17	17	17
OG0000165	1	13	18
OG0005252	6	6	6
OG0002385	6	6	6
OG0008219	15	15	19
OG0000548	6	6	6
OG0004042	1	6	11
OG0003046	1	6	6
OG0005178	1	7	7
OG0001365	1	1	1
OG0006016	1	5	7
OG0000768	12	14	16
OG0003893	1	1	6
OG0000775	6	6	6
OG0000755	1	6	13
OG0001307	1	14	14
OG0006596	1	1	7
OG0003526	1	6	6
OG0008588	5	6	19
OG0004941	1	1	1
OG0000793	1	1	10
OG0000865	1	8	6
OG0002029	1	1	1
OG0003053	1	1	1
OG0007598	1	1	16
OG0001769	1	1	6
OG0005069	1	8	6
OG0008690	1	6	21
OG0000356	1	6	6
OG0001629	1	6	6
OG0002371	6	7	6
OG0003497	1	1	1
OG0000935	19	19	19
OG0003409	6	6	6
OG0003076	1	1	1
OG0001011	6	6	6
OG0005206	1	6	6
OG0000260	6	6	6
OG0003573	1	6	6
OG0000759	1	6	16
OG0003142	1	6	6
OG0002213	6	6	6
OG0006920	1	15	13
OG0007124	1	6	10
OG0009137	17	17	22
OG0000338	1	1	1
OG0000772	1	8	8
OG0001064	1	1	1
OG0005302	1	6	6
OG0003114	8	19	8
OG0002064	1	5	1
OG0000160	1	13	19
OG0006621	1	6	6
OG0004136	1	6	6
OG0000151	1	6	6
OG0004276	6	13	7
OG0002951	6	6	14
OG0005006	1	6	6
OG0004197	1	1	19
OG0006743	6	6	7
OG0000430	6	6	14
OG0005833	6	6	6
OG0002612	6	6	6
OG0001795	1	1	1
OG0001318	6	6	6
OG0001699	1	6	19
OG0000187	1	14	14
OG0001523	19	19	14
OG0002562	1	1	1
OG0000178	1	1	6
OG0005050	1	6	6
OG0002622	6	6	6
OG0000098	6	6	6
OG0000990	15	15	16
OG0000377	1	6	6
OG0004924	1	1	6
OG0003878	6	6	6
OG0001014	1	6	6
OG0001909	1	6	6
OG0000068	1	1	1
OG0004848	1	1	5
OG0000742	6	6	6
OG0007954	1	6	13
OG0001078	1	6	6
OG0003102	6	6	6
OG0005211	1	1	1
OG0005513	1	1	1
OG0004360	6	7	6
OG0000678	1	1	1
OG0005854	6	6	6
OG0005257	6	6	6
OG0001789	3	3	14
OG0003078	1	6	6
OG0006015	5	6	6
OG0001605	14	19	21
OG0001734	6	6	6
OG0004781	8	8	14
OG0003665	6	6	6
OG0001254	1	1	1
OG0004246	1	1	6
OG0000283	1	6	6
OG0000552	1	6	6
OG0003947	6	6	6
OG0001145	1	6	6
OG0004195	1	1	6
OG0000911	1	6	6
OG0000773	1	6	6
OG0004219	1	1	5
OG0005604	1	1	1
OG0002544	6	6	6
OG0001634	1	9	9
OG0000729	1	19	19
OG0003799	1	1	6
OG0002358	1	6	6
OG0001746	1	6	6
OG0001412	1	1	1
OG0001519	1	1	1
OG0001400	6	14	18
OG0007778	1	6	6
OG0002387	1	6	1
OG0001389	1	1	1
OG0000627	6	6	6
OG0000221	1	19	19
OG0004163	7	7	7
OG0000762	1	1	1
OG0001665	6	6	6
OG0005618	6	6	10
OG0008741	19	19	19
OG0000445	1	1	1
OG0007621	12	12	12
OG0003293	1	9	6
OG0000738	1	6	6
OG0002278	1	6	14
OG0000700	1	1	1
OG0003411	6	6	6
OG0005322	1	1	2
OG0003925	1	1	1
OG0000898	3	3	6
OG0005493	1	6	6
OG0005985	1	1	6
OG0003273	12	12	12
OG0004389	1	1	6
OG0001859	6	6	6
OG0026114	6	6	22
OG0002483	1	6	6
OG0004475	6	6	6
OG0000029	1	1	1
OG0000034	1	1	6
OG0001614	1	6	6
OG0004894	1	1	6
OG0003467	1	1	6
OG0000437	1	6	6
OG0001024	1	6	6
OG0001518	1	6	6
OG0002131	4	6	6
OG0001966	1	6	6
OG0003433	1	6	6
OG0000049	1	1	1
OG0001112	1	6	6
OG0019761	1	6	17
OG0003268	1	6	6
OG0001896	1	6	5
OG0006695	6	6	20
OG0004044	1	6	6
OG0004686	6	6	6
OG0000852	16	16	19
OG0003221	1	6	6
OG0000174	1	6	6
OG0000604	6	6	6
OG0000957	1	6	12
OG0002120	1	1	6
OG0004806	1	7	1
OG0005108	1	1	21
OG0007238	14	14	14
OG0004140	1	6	6
OG0000991	1	6	6
OG0005472	1	6	6
OG0001260	1	7	7
OG0002664	15	15	22
OG0007256	1	1	8
OG0000443	6	6	6
OG0001484	1	5	6
OG0010000	1	6	21
OG0001404	1	1	1
OG0006905	5	6	6
OG0005740	6	6	6
OG0005814	1	8	6
OG0004048	14	14	14
OG0000318	6	6	6
OG0007273	1	1	6
OG0004254	1	6	6
OG0007246	1	6	8
OG0000332	6	6	6
OG0000148	1	6	19
OG0002350	1	6	19
OG0001044	1	1	9
OG0004333	1	1	6
OG0002041	1	1	13
OG0006431	1	21	21
OG0004723	1	1	6
OG0000909	1	6	6
OG0003208	1	6	6
OG0009987	1	1	19
OG0001865	1	1	1
OG0006783	1	13	14
OG0004348	6	7	7
OG0007217	6	6	7
OG0003946	1	1	6
OG0000133	6	15	15
OG0005445	1	5	1
OG0000006	1	1	5
OG0000744	7	7	12
OG0002261	1	8	7
OG0000462	1	13	7
OG0002929	1	1	6
OG0002267	1	6	6
OG0003138	1	6	6
OG0002013	1	1	13
OG0001637	6	6	6
OG0002590	4	4	12
OG0001396	1	6	3
OG0008313	1	1	16
OG0002226	1	1	1
OG0007743	15	15	15
OG0002237	1	6	6
OG0001497	1	1	6
OG0000814	1	6	6
OG0000947	1	6	6
OG0007198	6	6	6
OG0000883	6	9	6
OG0001125	1	1	1
OG0000024	1	6	1
OG0004335	1	6	6
OG0005188	1	1	6
OG0002657	6	6	7
OG0006122	1	6	6
OG0000121	1	6	6
OG0005197	6	7	7
OG0004010	5	5	12
OG0001837	1	6	6
OG0001777	1	1	6
OG0000924	6	6	6
OG0000071	14	14	14
OG0000439	6	7	6
OG0001375	1	1	2
OG0000907	6	7	6
OG0003032	1	6	7
OG0000416	1	6	6
OG0004503	1	6	6
OG0000930	6	6	14
OG0001441	7	7	7
OG0001508	1	1	19
OG0003446	1	7	6
OG0000132	1	1	1
OG0000626	1	6	1
OG0000803	5	6	14
OG0000696	1	2	1
OG0002710	6	6	6
OG0006615	1	1	11
OG0003045	1	8	11
OG0000422	1	1	1
OG0007518	7	7	14
OG0000052	6	6	6
OG0000087	1	6	13
OG0004614	1	6	6
OG0000060	1	1	5
OG0002619	1	1	1
OG0002435	1	1	6
OG0006067	1	1	13
OG0004805	1	1	18
OG0006778	1	3	3
OG0000026	1	10	18
OG0001932	1	6	6
OG0002826	6	6	6
OG0002692	1	6	7
OG0000778	14	14	14
OG0002968	6	6	6
OG0000621	1	6	6
OG0001072	1	1	1
OG0001005	1	1	1
OG0001368	1	1	1
OG0000102	1	4	7
OG0004300	1	6	6
OG0000004	6	6	6
OG0003861	1	6	6
OG0006806	1	12	12
OG0001272	1	1	6
OG0004079	1	6	6
OG0008274	1	6	15
OG0000432	1	1	2
OG0000144	1	1	6
OG0006653	6	7	7
OG0006509	5	10	10
OG0000618	4	6	6
OG0001568	6	6	6
OG0002059	14	19	19
OG0004584	6	6	21
OG0004449	1	6	6
OG0008720	1	6	7
OG0003215	1	1	6
OG0002329	1	6	6
OG0007257	1	7	19
OG0000142	1	1	1
OG0005290	1	6	6
OG0000230	1	1	1
OG0000281	1	1	1
OG0001664	1	6	6
OG0000653	1	15	15
OG0001287	1	6	1
OG0004683	1	1	20
OG0002591	1	1	1
OG0003624	6	6	7
OG0000020	1	1	1
OG0003568	1	1	8
OG0003297	1	1	10
OG0000478	6	6	6
OG0001111	1	1	1
OG0002566	15	15	15
OG0001200	1	6	19
OG0005378	1	1	6
OG0000406	1	3	3
OG0002783	1	8	8
OG0008262	1	1	21
OG0003332	1	1	14
OG0004178	1	1	1
OG0006419	1	1	6
OG0004311	1	1	6
OG0000890	6	6	6
OG0000390	1	6	6
OG0007109	1	1	16
OG0005065	6	6	6
OG0004099	7	7	8
OG0003222	1	6	4
OG0002081	1	6	6
OG0000141	6	6	6
OG0005076	1	8	8
OG0005782	1	6	6
OG0002378	1	1	6
OG0005208	1	6	6
OG0004866	1	6	6
OG0001555	1	1	7
OG0000209	1	1	5
OG0004405	7	7	6
OG0004960	1	6	6
OG0009304	6	6	7
OG0001101	1	1	1
OG0003960	1	1	6
OG0002516	6	6	6
OG0003847	1	1	6
OG0001630	1	6	6
OG0001569	1	1	1
OG0002366	1	1	1
OG0003041	1	6	6
OG0002092	1	1	6
OG0002298	1	6	1
OG0000372	1	1	22
OG0002915	1	6	6
OG0002338	1	8	12
OG0000457	1	1	1
OG0009470	1	1	9
OG0002816	1	6	6
OG0004968	6	6	6
OG0000126	1	6	6
OG0000625	6	6	6
OG0001155	1	6	14
OG0001682	1	3	6
OG0001460	1	1	7
OG0001015	1	1	1
OG0002600	6	16	16
OG0002616	6	6	15
OG0005250	1	9	6
OG0001003	6	6	6
OG0006649	6	6	6
OG0002991	1	6	6
OG0003315	1	6	3
OG0002523	4	4	4
OG0003318	1	5	15
OG0000420	4	6	6
OG0000035	1	6	17
OG0001118	1	1	6
OG0001767	1	1	1
OG0003348	1	6	1
OG0002139	1	1	6
OG0001099	1	1	1
OG0005914	6	12	6
OG0001050	1	1	1
OG0002260	1	6	6
OG0003614	1	1	1
OG0000099	1	1	1
OG0005916	6	6	6
OG0000153	6	13	13
OG0000224	1	1	4
OG0000589	6	6	6
OG0000368	1	1	6
OG0008119	1	2	19
OG0003296	6	6	6
OG0001818	6	6	7
OG0007650	6	6	7
OG0000794	1	1	3
OG0004069	1	1	6
OG0003810	1	1	1
OG0002652	6	6	6
OG0003226	6	6	6
OG0004642	1	6	6
OG0009079	1	1	19
OG0000512	1	8	21
OG0003974	1	1	6
OG0001849	6	6	13
OG0004346	1	6	6
OG0002352	1	1	1
OG0003072	1	6	6
OG0005030	6	6	6
OG0000344	11	12	12
OG0012465	1	1	20
OG0003643	6	6	6
OG0000840	1	1	6
OG0006804	1	8	6
OG0008230	7	7	6
OG0006265	6	6	6
OG0000361	10	14	10
OG0002101	1	1	1
OG0006341	1	1	1
OG0000083	1	1	1
OG0001325	1	6	7
OG0004799	6	6	6
OG0000312	1	1	1
OG0001741	1	1	1
OG0000244	1	6	6
OG0001373	1	6	13
OG0001095	6	6	6
OG0000983	1	1	1
OG0003570	1	8	6
OG0004838	6	6	6
OG0001069	13	13	13
OG0005009	1	1	7
OG0001221	6	6	6
OG0000085	1	1	3
OG0002347	6	6	6
OG0002177	6	6	14
OG0004418	1	6	6
OG0006141	8	8	8
OG0003229	6	6	6
OG0001749	1	1	3
OG0000061	1	5	5
OG0001158	1	1	6
OG0000012	1	14	1
OG0003984	1	6	6
OG0001202	1	1	1
OG0001247	1	1	1
OG0004674	1	1	6
OG0000245	1	6	1
OG0000056	1	6	1
OG0004561	1	6	6
OG0002618	1	1	6
OG0010608	1	1	18
OG0001123	6	6	6
OG0000177	1	1	1
OG0007186	1	1	1
OG0003067	1	6	6
OG0004274	1	6	6
OG0000339	14	14	14
OG0002058	7	7	7
OG0003869	1	1	1
OG0000074	1	6	2
OG0005765	1	1	11
OG0003755	1	6	6
OG0000502	1	1	6
OG0007336	1	8	8
OG0000330	1	1	1
OG0004927	1	6	6
OG0003561	1	6	6
OG0004789	1	6	19
OG0001549	6	6	6
OG0000271	1	2	5
OG0000064	1	6	6
OG0001096	6	6	6
OG0000115	1	1	8
OG0000435	1	2	2
OG0000088	8	22	8
OG0002361	1	7	6
OG0000346	1	8	6
OG0001196	1	2	19
OG0001152	1	6	6
OG0004900	1	6	6
OG0005148	1	6	15
OG0000556	1	6	6
OG0007926	6	6	19
OG0000225	1	6	6
OG0005098	6	6	6
OG0000079	1	6	21
OG0004198	1	6	6
OG0001697	6	6	12
OG0000541	1	1	1
OG0002288	1	1	6
OG0004728	12	15	16
OG0000456	1	1	3
OG0000295	5	5	5
OG0007469	1	10	7
OG0004406	1	6	6
OG0006195	1	6	6
OG0006586	1	6	6
OG0001243	1	3	14
OG0003386	6	6	19
OG0000367	3	19	13
OG0004388	1	6	14
OG0000116	1	1	1
OG0005110	6	6	6
OG0002580	6	6	19
OG0010587	7	21	21
OG0003728	1	7	7
OG0001140	6	6	6
OG0006803	6	6	6
OG0000023	1	6	5
OG0002787	1	1	1
OG0007243	1	9	5
OG0006254	6	6	15
OG0013459	1	12	22
OG0001511	1	6	1
OG0000805	1	1	1
OG0000007	1	6	1
OG0007909	13	19	13
OG0001351	1	7	1
OG0002858	6	6	6
OG0000466	1	6	6
OG0004125	1	6	6
OG0000976	5	16	16
OG0002498	1	1	2
OG0004834	7	7	7
OG0002648	1	6	19
OG0000868	1	1	1
OG0000473	1	1	1
OG0002376	1	6	6
OG0000289	1	2	1
OG0005184	1	1	6
OG0000261	1	7	1
OG0001810	1	1	6
OG0002341	1	8	8
OG0005652	1	6	6
OG0000008	1	6	2
OG0005444	1	1	5
OG0002126	1	2	21
OG0002369	6	6	9
OG0000214	1	1	6
OG0003493	6	6	6
OG0004797	6	6	6
OG0003313	4	6	6
OG0002355	1	6	7
OG0001867	6	6	6
OG0000836	6	6	6
OG0001316	7	7	8
OG0004380	1	6	6
OG0000927	1	9	2
OG0007385	6	14	6
OG0001974	6	6	6
OG0005261	1	1	1
OG0002225	1	3	7
OG0000016	1	6	2
OG0004124	1	6	6
OG0000770	1	7	7
OG0001143	1	8	8
OG0001855	6	6	6
OG0000611	6	6	6
OG0006144	6	6	6
OG0003938	6	6	6
OG0005904	6	6	6
OG0006469	1	6	6
OG0000590	1	6	6
OG0000724	1	6	16
OG0005060	1	1	6
OG0007545	1	1	6
OG0005732	1	1	1
OG0000207	6	6	6
OG0000138	1	1	5
OG0000065	1	8	6
OG0006948	1	6	6
OG0004065	1	6	6
OG0000579	1	1	1
OG0003792	1	6	6
OG0001616	5	6	6
OG0001208	1	6	20
OG0002083	6	6	10
OG0000754	1	6	6
OG0002104	1	3	3
OG0003374	6	6	6
OG0002768	6	6	6
OG0009094	14	14	14
OG0001393	1	1	1
OG0000118	1	1	3
OG0000635	1	6	5
OG0005192	1	3	6
OG0005752	6	6	6
OG0007139	6	6	6
OG0002021	1	1	6
OG0004412	6	6	6
OG0000782	1	1	1
OG0003148	1	6	6
OG0000306	19	19	19
OG0005645	1	7	7
OG0001967	1	5	5
OG0004350	1	1	6
OG0005012	2	2	8
OG0004966	6	6	6
OG0005590	6	6	6
OG0004870	6	6	14
OG0001103	5	9	9
OG0004202	1	6	11
OG0000733	1	1	1
OG0004835	6	6	9
OG0000518	8	8	8
OG0004923	1	6	6
OG0005075	1	1	6
OG0000311	6	6	14
OG0004170	1	13	5
OG0000111	1	14	5
OG0001427	1	1	6
OG0011346	1	1	21
OG0004988	6	6	7
OG0005405	1	6	19
OG0000668	1	7	7
OG0003544	1	1	1
OG0001051	1	8	8
OG0005536	6	6	6
OG0001163	1	1	3
OG0005920	1	6	6
OG0006759	1	1	1
OG0009080	1	3	21
OG0003795	1	6	6
OG0000623	1	6	19
OG0001970	1	1	6
OG0000143	1	1	1
OG0000286	1	8	8
OG0006129	6	6	6
OG0002254	6	6	6
OG0005193	1	1	1
OG0002798	1	1	6
OG0005887	1	6	16
OG0000033	1	8	1
OG0005569	1	1	7
OG0002494	1	7	6
OG0001912	1	1	8
OG0001444	1	1	15
OG0001737	1	1	13
OG0003902	1	1	1
OG0002183	6	6	6
OG0003160	1	16	16
OG0007271	5	6	19
OG0002467	1	1	6
OG0003277	6	6	6
OG0002020	1	1	6
OG0000352	1	6	7
OG0001822	1	1	6
OG0001934	4	4	6
OG0004718	2	2	2
OG0001856	6	6	6
OG0000939	1	1	1
OG0000620	1	6	6
OG0000287	4	4	6
OG0000256	6	6	7
OG0003219	6	6	6
OG0001894	6	6	6
OG0001736	1	1	1
OG0000576	1	1	1
OG0000657	12	17	21
OG0000290	14	14	14
OG0000058	6	6	6
OG0000250	4	13	7
OG0002518	1	6	6
OG0006345	1	1	6
OG0000094	1	1	15
OG0003511	1	1	1
OG0002570	6	6	6
OG0002980	1	1	1
OG0000442	19	19	19
OG0000474	1	1	1
OG0004486	2	14	19
OG0001071	1	1	17
OG0004304	6	7	7
OG0003796	1	6	1
OG0000236	1	15	14
OG0001361	1	1	6
OG0010381	1	1	19
OG0005289	6	6	6
OG0001291	1	5	5
OG0005081	6	6	6
OG0001026	1	1	6
OG0010535	1	6	22
OG0004707	1	7	7
OG0004831	1	14	2
OG0000691	6	6	6
OG0006590	1	1	6
OG0002786	1	1	6
OG0001745	6	6	6
OG0000124	1	19	8
OG0004708	1	1	3
OG0000062	1	3	3
OG0003070	14	14	8
OG0000962	6	6	6
OG0000886	1	1	1
OG0041748	1	1	19
OG0004487	7	7	7
OG0000503	1	1	6
OG0001545	1	8	8
OG0006441	1	6	6
OG0000106	1	2	2
OG0005067	1	6	6
OG0000279	1	6	3
OG0000718	1	1	1
OG0000703	1	6	6
OG0005691	1	1	12
OG0000549	1	6	6
OG0002415	1	6	6
OG0000737	1	1	1
OG0003225	1	1	1
OG0002291	1	1	1
OG0002819	5	6	6
OG0000220	12	12	12
OG0004569	1	1	6
OG0000577	6	6	6
OG0000441	1	1	6
OG0001645	6	6	6
OG0001170	5	12	12
OG0004722	1	1	6
OG0002781	1	1	3
OG0006091	1	1	6
OG0001554	1	12	12
OG0000158	1	7	7
OG0000798	4	6	6
OG0005218	6	6	6
OG0001774	1	14	15
OG0001086	4	6	6
OG0003031	14	14	14
OG0004859	4	6	6
OG0003784	6	6	10
OG0003154	1	1	6
OG0003840	19	19	21
OG0006701	1	12	12
OG0001532	6	6	6
OG0000848	13	13	19
OG0006816	1	7	6
OG0006022	1	1	9
OG0000513	6	11	11
OG0003204	6	6	6
OG0001776	1	6	6
OG0004738	6	6	6
OG0002228	6	6	6
OG0005357	1	9	6
OG0000797	15	15	15
OG0002301	6	6	6
OG0004222	6	6	6
OG0001587	1	5	14
OG0002507	13	13	13
OG0004527	1	14	14
OG0000258	1	6	19
OG0005109	10	10	10
OG0001059	6	6	6
OG0005151	5	5	13
OG0002965	1	6	6
OG0003116	1	1	1
OG0006202	6	7	6
OG0000090	1	6	6
OG0001195	1	6	6
OG0005277	1	6	6
OG0003036	1	6	6
OG0001973	6	6	19
OG0000633	1	1	1
OG0000501	1	1	6
OG0000486	1	6	6
OG0000471	1	6	5
OG0000078	6	6	6
OG0000637	1	1	1
OG0002133	1	1	1
OG0003512	7	7	7
OG0002937	19	19	22
OG0002811	6	6	6
OG0000045	1	6	8
OG0003155	1	6	10
OG0005775	1	1	6
OG0005626	1	6	6
OG0002340	6	6	6
OG0000405	1	6	17
OG0005719	1	1	6
OG0001317	1	3	11
OG0002568	1	6	8
OG0006037	1	1	1
OG0002085	1	1	1
OG0001836	1	6	6
OG0002881	1	6	6
OG0002833	6	14	14
OG0001047	6	6	6
OG0003603	6	6	6
OG0003880	1	1	6
OG0004972	16	16	19
OG0000498	6	6	6
OG0003943	1	6	7
OG0008044	1	1	22
OG0003683	6	6	6
OG0001010	1	1	6
OG0006605	19	19	19
OG0005767	6	21	7
OG0001294	1	6	6
OG0007010	7	7	7
OG0003627	1	2	5
OG0004294	1	6	6
OG0001303	1	1	5
OG0004362	1	1	6
OG0000200	1	6	6
OG0000354	1	2	19
OG0002323	6	6	6
OG0000270	1	1	6
OG0000036	1	1	5
OG0000381	2	6	6
OG0000971	1	6	6
OG0001324	1	1	7
OG0000223	6	6	7
OG0002555	1	3	7
OG0006308	1	1	1
OG0006531	1	1	7
OG0005439	6	6	6
OG0005013	1	6	6
OG0003747	1	6	6
OG0004164	1	6	6
OG0003197	6	6	12
OG0000504	1	1	14
OG0000039	1	6	15
