OG0001079	6	6	7
OG0000661	1	1	6
OG0003362	1	1	6
OG0002902	6	6	13
OG0003566	1	1	10
OG0001235	1	5	10
OG0000460	1	1	2
OG0003203	1	1	6
OG0008742	6	6	11
OG0017110	1	6	22
OG0000043	1	3	5
OG0003026	1	1	5
OG0009131	1	1	19
OG0000292	1	3	6
OG0001854	1	1	6
OG0000288	1	1	16
OG0004579	1	1	2
OG0002148	1	1	6
OG0006382	1	1	11
OG0005529	1	6	17
OG0000159	1	6	14
OG0006213	1	1	6
OG0005484	1	10	13
OG0003724	1	1	8
OG0000636	1	1	6
OG0004547	1	6	12
OG0001464	1	1	2
OG0002691	1	1	6
OG0001618	1	1	14
OG0000521	6	6	19
OG0002386	1	1	6
OG0003628	1	7	13
OG0004967	1	1	6
OG0003596	1	1	6
OG0006807	1	1	7
OG0005778	6	6	8
OG0003856	1	3	13
OG0008571	1	1	15
OG0000647	6	6	7
OG0000047	1	1	13
OG0005272	1	1	8
OG0002500	1	1	6
OG0000001	1	6	7
OG0005898	1	1	6
OG0000107	1	8	11
OG0000704	7	7	14
OG0001571	1	1	6
OG0000400	1	1	6
OG0001175	6	6	13
OG0006776	1	1	16
OG0000259	1	5	10
OG0000859	1	3	6
OG0000987	1	1	6
OG0000933	1	6	7
OG0001707	6	6	8
OG0002908	6	6	7
OG0000665	6	6	16
OG0002676	1	1	6
OG0008692	1	6	13
OG0007263	6	6	8
OG0000396	1	1	6
OG0006108	5	6	16
OG0053735	1	1	22
OG0006771	7	7	10
OG0002105	1	1	6
OG0002407	6	6	8
OG0004903	6	6	8
OG0001490	1	1	3
OG0000561	1	1	7
OG0009285	6	6	21
OG0002094	1	1	6
OG0003110	6	6	15
OG0001589	1	1	6
OG0001717	6	6	11
OG0001409	6	6	22
OG0006978	6	6	7
OG0008267	1	1	19
OG0004971	1	1	6
OG0007901	6	6	19
OG0005723	1	1	6
OG0003543	3	3	6
OG0000547	1	1	12
OG0002247	6	6	7
OG0008553	1	1	19
OG0005565	1	1	6
OG0005804	1	6	14
OG0000702	3	13	14
OG0002982	6	8	15
OG0000050	1	1	6
OG0000477	1	1	14
OG0000998	1	1	6
OG0001680	1	6	19
OG0004482	1	1	12
OG0001121	1	1	6
OG0009487	1	1	21
OG0000389	1	1	6
OG0002196	1	1	14
OG0002638	1	1	6
OG0007393	1	1	19
OG0001448	1	6	7
OG0001913	1	1	6
OG0003924	1	6	12
OG0005323	1	1	12
OG0002153	1	1	6
OG0014919	1	1	23
OG0004815	6	6	11
OG0008410	6	6	7
OG0005817	1	1	8
OG0000180	1	6	14
OG0006764	1	1	16
OG0000748	6	6	15
OG0008705	6	6	21
OG0000484	1	6	14
OG0004283	1	1	2
OG0003806	1	1	2
OG0001378	1	6	16
OG0005253	1	1	6
OG0000196	5	6	14
OG0007512	1	1	19
OG0005419	1	1	6
OG0002861	1	1	6
OG0008421	1	1	6
OG0004999	6	6	7
OG0002045	1	6	19
OG0000938	1	1	12
OG0006656	1	6	12
OG0007468	6	6	15
OG0000341	1	2	5
OG0000592	1	1	6
OG0001356	1	1	6
OG0000156	1	6	21
OG0001742	1	1	19
OG0010062	1	1	6
OG0001456	1	1	6
OG0005092	1	1	14
OG0006374	1	1	7
OG0002522	1	6	7
OG0003232	1	6	7
OG0005031	1	1	14
OG0006674	1	1	7
OG0012023	1	1	16
OG0001276	1	6	8
OG0001068	6	6	14
OG0000429	1	13	19
OG0006257	1	1	14
OG0000895	1	1	6
OG0000567	1	1	6
OG0027638	1	1	22
OG0000436	6	6	12
OG0005921	2	2	7
OG0003650	6	6	13
OG0005059	1	1	6
OG0006630	1	1	6
OG0002057	1	1	5
OG0000584	6	6	7
OG0006376	1	1	6
OG0000291	1	1	6
OG0001718	1	1	19
OG0004720	1	1	6
OG0000163	1	6	19
OG0005468	6	6	7
OG0006747	1	1	6
OG0000461	2	2	9
OG0006930	1	1	13
OG0009892	1	1	18
OG0006063	1	2	19
OG0000413	1	1	14
OG0005408	4	4	7
OG0001040	6	6	16
OG0003842	1	7	8
OG0004606	1	1	6
OG0001394	6	6	13
OG0002370	7	7	8
OG0011105	1	1	7
OG0001994	1	1	6
OG0005911	1	1	19
OG0004252	1	1	3
OG0000048	1	7	10
OG0003195	1	1	6
OG0000042	15	15	19
OG0001209	1	1	6
OG0000766	2	2	6
OG0006100	1	7	8
OG0000787	1	1	7
OG0006292	1	1	12
OG0001073	1	1	21
OG0003649	1	1	6
OG0001090	1	1	6
OG0002481	1	1	6
OG0000403	1	2	6
OG0001675	1	3	19
OG0000538	1	1	3
OG0002253	4	4	6
OG0007211	1	1	7
OG0002541	6	7	13
OG0000253	6	6	7
OG0002151	1	1	6
OG0003714	1	1	12
OG0005686	1	1	6
OG0000992	1	1	6
OG0004662	1	1	4
OG0007964	1	6	7
OG0005671	1	1	16
OG0000977	1	1	6
OG0000871	1	1	6
OG0000059	1	14	18
OG0004601	1	1	6
OG0000070	1	1	6
OG0002992	1	1	6
OG0000392	1	1	16
OG0009737	1	1	19
OG0000813	1	6	8
OG0000666	6	6	20
OG0001862	1	3	7
OG0001067	1	1	6
OG0004795	1	1	8
OG0007074	1	1	21
OG0001435	1	1	5
OG0007745	1	1	19
OG0000014	12	14	15
OG0000199	1	13	14
OG0003106	1	1	3
OG0009965	4	4	19
OG0008220	1	6	15
OG0001864	1	6	11
OG0001530	1	6	15
OG0003149	1	1	6
OG0005991	1	1	6
OG0008225	1	1	23
OG0002353	1	1	13
OG0001242	1	1	6
OG0005798	1	1	6
OG0004075	1	1	7
OG0000186	1	5	6
OG0006524	1	1	7
OG0003872	1	1	6
OG0004638	1	1	6
OG0000147	14	14	19
OG0006268	1	1	6
OG0000523	1	1	6
OG0003733	1	6	7
OG0002214	1	1	14
OG0002718	1	6	15
OG0000345	1	6	19
OG0000066	1	1	6
OG0000376	1	6	9
OG0003618	1	1	6
OG0005602	1	1	6
OG0004687	1	1	6
OG0014086	1	6	21
OG0000714	1	1	4
OG0001341	1	1	6
OG0007270	1	1	10
OG0003213	1	6	18
OG0005862	1	1	6
OG0017442	1	1	19
OG0003028	7	21	22
OG0000610	1	1	4
OG0002501	6	6	10
OG0000537	1	1	6
OG0007522	6	6	7
OG0005532	1	1	6
OG0001486	1	1	6
OG0000806	1	2	10
OG0001703	1	1	6
OG0000662	14	14	18
OG0006903	6	6	11
OG0011429	1	6	19
OG0001401	1	1	6
OG0004282	14	14	16
OG0005899	1	1	15
OG0000681	1	6	16
OG0000694	1	1	6
OG0006247	2	14	19
OG0004793	1	1	6
OG0005929	6	6	7
OG0004712	1	1	6
OG0003253	1	1	7
OG0006914	1	6	15
OG0000629	1	1	6
OG0000598	6	6	10
OG0002632	1	1	6
OG0002804	1	1	2
OG0003251	1	1	9
OG0000067	1	6	8
OG0002315	7	7	16
OG0000495	7	11	13
OG0000912	1	1	6
OG0001097	14	14	15
OG0006169	1	6	9
OG0000119	6	8	13
OG0001888	1	1	6
OG0001843	1	1	19
OG0004682	1	1	5
OG0000157	1	1	6
OG0006416	1	1	6
OG0002831	1	3	9
OG0002147	1	1	6
OG0001975	1	1	3
OG0000076	2	2	3
OG0004905	1	1	6
OG0001211	1	1	11
OG0003774	1	1	6
OG0001372	1	3	6
OG0011158	4	4	13
OG0000838	6	6	17
OG0005806	1	1	7
OG0002263	1	6	16
OG0001230	1	1	19
OG0002191	6	6	7
OG0001438	1	2	7
OG0002345	1	1	6
OG0000269	6	6	16
OG0000845	1	1	7
OG0008965	1	1	21
OG0001360	1	6	12
OG0001744	6	6	9
OG0001363	1	1	11
OG0002554	7	7	8
OG0000357	1	1	6
OG0004338	6	6	10
OG0007209	14	14	21
OG0004244	1	1	4
OG0006818	6	6	8
OG0003379	1	1	6
OG0006618	1	6	8
OG0001564	1	1	6
OG0000508	1	5	13
OG0005403	1	1	12
OG0001592	1	6	7
OG0001167	1	1	4
OG0000449	1	6	14
OG0000918	5	5	14
OG0000165	1	13	18
OG0008219	15	15	19
OG0004042	1	6	11
OG0006016	1	5	7
OG0000768	12	14	16
OG0003893	1	1	6
OG0000755	1	6	13
OG0006596	1	1	7
OG0008588	5	6	19
OG0000793	1	1	10
OG0007598	1	1	16
OG0001769	1	1	6
OG0008690	1	6	21
OG0000759	1	6	16
OG0007124	1	6	10
OG0009137	17	17	22
OG0000160	1	13	19
OG0002951	6	6	14
OG0004197	1	1	19
OG0006743	6	6	7
OG0000430	6	6	14
OG0001699	1	6	19
OG0000178	1	1	6
OG0000990	15	15	16
OG0004924	1	1	6
OG0004848	1	1	5
OG0007954	1	6	13
OG0001789	3	3	14
OG0001605	14	19	21
OG0004781	8	8	14
OG0004246	1	1	6
OG0004195	1	1	6
OG0004219	1	1	5
OG0003799	1	1	6
OG0001400	6	14	18
OG0005618	6	6	10
OG0002278	1	6	14
OG0005322	1	1	2
OG0000898	3	3	6
OG0005985	1	1	6
OG0004389	1	1	6
OG0026114	6	6	22
OG0000034	1	1	6
OG0004894	1	1	6
OG0003467	1	1	6
OG0019761	1	6	17
OG0006695	6	6	20
OG0000852	16	16	19
OG0000957	1	6	12
OG0002120	1	1	6
OG0005108	1	1	21
OG0002664	15	15	22
OG0007256	1	1	8
OG0001484	1	5	6
OG0010000	1	6	21
OG0007273	1	1	6
OG0007246	1	6	8
OG0000148	1	6	19
OG0002350	1	6	19
OG0001044	1	1	9
OG0004333	1	1	6
OG0002041	1	1	13
OG0004723	1	1	6
OG0009987	1	1	19
OG0006783	1	13	14
OG0007217	6	6	7
OG0003946	1	1	6
OG0000006	1	1	5
OG0000744	7	7	12
OG0002929	1	1	6
OG0002013	1	1	13
OG0002590	4	4	12
OG0008313	1	1	16
OG0001497	1	1	6
OG0005188	1	1	6
OG0002657	6	6	7
OG0004010	5	5	12
OG0001777	1	1	6
OG0001375	1	1	2
OG0003032	1	6	7
OG0000930	6	6	14
OG0001508	1	1	19
OG0000803	5	6	14
OG0006615	1	1	11
OG0003045	1	8	11
OG0007518	7	7	14
OG0000087	1	6	13
OG0000060	1	1	5
OG0002435	1	1	6
OG0006067	1	1	13
OG0004805	1	1	18
OG0000026	1	10	18
OG0002692	1	6	7
OG0000102	1	4	7
OG0001272	1	1	6
OG0008274	1	6	15
OG0000432	1	1	2
OG0000144	1	1	6
OG0004584	6	6	21
OG0008720	1	6	7
OG0003215	1	1	6
OG0007257	1	7	19
OG0004683	1	1	20
OG0003624	6	6	7
OG0003568	1	1	8
OG0003297	1	1	10
OG0001200	1	6	19
OG0005378	1	1	6
OG0008262	1	1	21
OG0003332	1	1	14
OG0006419	1	1	6
OG0004311	1	1	6
OG0007109	1	1	16
OG0004099	7	7	8
OG0002378	1	1	6
OG0001555	1	1	7
OG0000209	1	1	5
OG0009304	6	6	7
OG0003960	1	1	6
OG0003847	1	1	6
OG0002092	1	1	6
OG0000372	1	1	22
OG0002338	1	8	12
OG0009470	1	1	9
OG0001155	1	6	14
OG0001682	1	3	6
OG0001460	1	1	7
OG0002616	6	6	15
OG0003318	1	5	15
OG0000035	1	6	17
OG0001118	1	1	6
OG0002139	1	1	6
OG0000224	1	1	4
OG0000368	1	1	6
OG0008119	1	2	19
OG0001818	6	6	7
OG0007650	6	6	7
OG0000794	1	1	3
OG0004069	1	1	6
OG0009079	1	1	19
OG0000512	1	8	21
OG0003974	1	1	6
OG0001849	6	6	13
OG0012465	1	1	20
OG0000840	1	1	6
OG0001325	1	6	7
OG0001373	1	6	13
OG0005009	1	1	7
OG0000085	1	1	3
OG0002177	6	6	14
OG0001749	1	1	3
OG0001158	1	1	6
OG0004674	1	1	6
OG0002618	1	1	6
OG0010608	1	1	18
OG0005765	1	1	11
OG0000502	1	1	6
OG0004789	1	6	19
OG0000271	1	2	5
OG0000115	1	1	8
OG0001196	1	2	19
OG0005148	1	6	15
OG0007926	6	6	19
OG0000079	1	6	21
OG0001697	6	6	12
OG0002288	1	1	6
OG0004728	12	15	16
OG0000456	1	1	3
OG0001243	1	3	14
OG0003386	6	6	19
OG0004388	1	6	14
OG0002580	6	6	19
OG0006254	6	6	15
OG0013459	1	12	22
OG0002498	1	1	2
OG0002648	1	6	19
OG0005184	1	1	6
OG0001810	1	1	6
OG0005444	1	1	5
OG0002126	1	2	21
OG0002369	6	6	9
OG0000214	1	1	6
OG0002355	1	6	7
OG0001316	7	7	8
OG0002225	1	3	7
OG0000724	1	6	16
OG0005060	1	1	6
OG0007545	1	1	6
OG0000138	1	1	5
OG0001208	1	6	20
OG0002083	6	6	10
OG0000118	1	1	3
OG0005192	1	3	6
OG0002021	1	1	6
OG0004350	1	1	6
OG0005012	2	2	8
OG0004870	6	6	14
OG0004202	1	6	11
OG0004835	6	6	9
OG0005075	1	1	6
OG0000311	6	6	14
OG0001427	1	1	6
OG0011346	1	1	21
OG0004988	6	6	7
OG0005405	1	6	19
OG0001163	1	1	3
OG0009080	1	3	21
OG0000623	1	6	19
OG0001970	1	1	6
OG0002798	1	1	6
OG0005887	1	6	16
OG0005569	1	1	7
OG0001912	1	1	8
OG0001444	1	1	15
OG0001737	1	1	13
OG0007271	5	6	19
OG0002467	1	1	6
OG0002020	1	1	6
OG0000352	1	6	7
OG0001822	1	1	6
OG0001934	4	4	6
OG0000287	4	4	6
OG0000256	6	6	7
OG0000657	12	17	21
OG0006345	1	1	6
OG0000094	1	1	15
OG0004486	2	14	19
OG0001071	1	1	17
OG0001361	1	1	6
OG0010381	1	1	19
OG0001026	1	1	6
OG0010535	1	6	22
OG0006590	1	1	6
OG0002786	1	1	6
OG0004708	1	1	3
OG0041748	1	1	19
OG0000503	1	1	6
OG0005691	1	1	12
OG0004569	1	1	6
OG0000441	1	1	6
OG0004722	1	1	6
OG0002781	1	1	3
OG0006091	1	1	6
OG0001774	1	14	15
OG0003784	6	6	10
OG0003154	1	1	6
OG0003840	19	19	21
OG0000848	13	13	19
OG0006022	1	1	9
OG0001587	1	5	14
OG0000258	1	6	19
OG0005151	5	5	13
OG0001973	6	6	19
OG0000501	1	1	6
OG0002937	19	19	22
OG0000045	1	6	8
OG0003155	1	6	10
OG0005775	1	1	6
OG0000405	1	6	17
OG0005719	1	1	6
OG0001317	1	3	11
OG0002568	1	6	8
OG0003880	1	1	6
OG0004972	16	16	19
OG0003943	1	6	7
OG0008044	1	1	22
OG0001010	1	1	6
OG0003627	1	2	5
OG0001303	1	1	5
OG0004362	1	1	6
OG0000354	1	2	19
OG0000270	1	1	6
OG0000036	1	1	5
OG0001324	1	1	7
OG0000223	6	6	7
OG0002555	1	3	7
OG0006531	1	1	7
OG0003197	6	6	12
OG0000504	1	1	14
OG0000039	1	6	15
