OG0001678	6	7	6
OG0000532	1	13	1
OG0000758	1	6	1
OG0001432	1	3	2
OG0002943	1	6	5
OG0000009	1	16	3
OG0003602	1	6	1
OG0000566	1	6	3
OG0000591	1	6	1
OG0000217	1	16	6
OG0000022	1	14	6
OG0004342	1	6	1
OG0001893	1	6	1
OG0006514	7	14	7
OG0002910	1	8	6
OG0001076	6	8	6
OG0000340	13	18	16
OG0000308	1	6	1
OG0000984	6	11	6
OG0000189	1	7	1
OG0001093	10	11	10
OG0000470	15	19	15
OG0005248	1	14	12
OG0000057	1	15	13
OG0000037	1	15	7
OG0000884	4	7	6
OG0000100	1	7	6
OG0006305	9	9	6
OG0003458	1	2	1
OG0000075	6	14	12
OG0001133	1	7	6
OG0000018	1	6	2
OG0002007	15	15	14
OG0000101	1	6	1
OG0000342	1	12	6
OG0000072	1	15	14
OG0008241	1	6	1
OG0000172	1	8	1
OG0002911	1	7	6
OG0000593	1	6	3
OG0000028	1	8	7
OG0000017	6	15	6
OG0001168	11	11	8
OG0000496	1	2	1
OG0004559	1	8	6
OG0000481	1	19	5
OG0000670	1	6	1
OG0003351	1	6	4
OG0003101	1	6	1
OG0002550	13	18	14
OG0001844	1	15	8
OG0001129	6	13	8
OG0000030	1	6	1
OG0000963	6	8	6
OG0000031	6	13	6
OG0000201	2	6	2
OG0003398	1	6	4
OG0002812	1	5	1
OG0000054	1	6	1
OG0006659	14	14	12
OG0001012	1	13	8
OG0003906	1	6	1
OG0003183	1	6	3
OG0000412	1	6	4
OG0000353	1	6	3
OG0000597	1	3	1
OG0000095	1	8	7
OG0003865	1	10	2
OG0000211	1	5	1
OG0000203	1	11	10
OG0004476	6	7	6
OG0000166	1	6	1
OG0002779	1	6	1
OG0000424	1	17	12
OG0006253	14	14	12
OG0005657	1	6	1
OG0001526	1	8	6
OG0000021	1	6	1
OG0000005	2	14	13
OG0000149	1	8	7
OG0001420	1	6	5
OG0000337	1	6	1
OG0000246	6	6	1
OG0000040	1	3	1
OG0003237	6	7	6
OG0000328	1	6	1
OG0005025	1	7	5
OG0000309	7	21	19
OG0005820	6	8	6
OG0001038	1	6	1
OG0000299	1	2	1
OG0000427	7	12	11
OG0006413	7	7	6
OG0000154	1	14	13
OG0000865	1	8	6
OG0005069	1	8	6
OG0002371	6	7	6
OG0006920	1	15	13
OG0003114	8	19	8
OG0002064	1	5	1
OG0004276	6	13	7
OG0001523	19	19	14
OG0004360	6	7	6
OG0002387	1	6	1
OG0003293	1	9	6
OG0001896	1	6	5
OG0004806	1	7	1
OG0005814	1	8	6
OG0005445	1	5	1
OG0002261	1	8	7
OG0000462	1	13	7
OG0001396	1	6	3
OG0000883	6	9	6
OG0000024	1	6	1
OG0000439	6	7	6
OG0000907	6	7	6
OG0003446	1	7	6
OG0000626	1	6	1
OG0000696	1	2	1
OG0001287	1	6	1
OG0003222	1	6	4
OG0004405	7	7	6
OG0002298	1	6	1
OG0005250	1	9	6
OG0003315	1	6	3
OG0003348	1	6	1
OG0005914	6	12	6
OG0006804	1	8	6
OG0008230	7	7	6
OG0000361	10	14	10
OG0003570	1	8	6
OG0000012	1	14	1
OG0000245	1	6	1
OG0000056	1	6	1
OG0000074	1	6	2
OG0000088	8	22	8
OG0002361	1	7	6
OG0000346	1	8	6
OG0007469	1	10	7
OG0000367	3	19	13
OG0000023	1	6	5
OG0007243	1	9	5
OG0001511	1	6	1
OG0000007	1	6	1
OG0007909	13	19	13
OG0001351	1	7	1
OG0000289	1	2	1
OG0000261	1	7	1
OG0000008	1	6	2
OG0000927	1	9	2
OG0007385	6	14	6
OG0000016	1	6	2
OG0000065	1	8	6
OG0000635	1	6	5
OG0004170	1	13	5
OG0000111	1	14	5
OG0000033	1	8	1
OG0002494	1	7	6
OG0000250	4	13	7
OG0003796	1	6	1
OG0000236	1	15	14
OG0004831	1	14	2
OG0000124	1	19	8
OG0003070	14	14	8
OG0000279	1	6	3
OG0006816	1	7	6
OG0005357	1	9	6
OG0006202	6	7	6
OG0000471	1	6	5
OG0005767	6	21	7
