OG0001492	1	6	6
OG0002655	7	7	7
OG0003877	6	6	6
OG0000015	6	6	6
OG0003716	6	6	6
OG0000374	1	6	6
OG0005189	1	6	6
OG0007120	1	1	1
OG0001245	1	1	1
OG0005269	1	6	6
OG0002540	1	6	6
OG0001686	6	6	6
OG0004661	6	6	6
OG0007063	6	6	6
OG0002627	6	6	6
OG0001414	1	6	6
OG0001476	6	6	6
OG0003455	1	1	1
OG0002206	1	1	1
OG0004823	1	1	1
OG0006130	1	6	6
OG0006530	6	6	6
OG0004597	10	10	10
OG0000463	6	10	10
OG0005238	6	6	6
OG0005491	1	6	6
OG0002306	1	6	6
OG0001212	6	6	6
OG0002756	1	6	6
OG0006475	6	6	6
OG0003765	1	6	6
OG0000351	6	6	6
OG0000113	6	6	6
OG0003803	1	1	1
OG0004168	1	6	6
OG0001591	6	6	6
OG0002051	1	12	12
OG0000795	6	6	6
OG0001006	6	6	6
OG0000985	1	6	6
OG0000239	1	6	6
OG0004096	1	1	1
OG0006827	12	12	12
OG0006507	6	6	6
OG0003889	1	1	1
OG0002578	5	6	6
OG0001580	1	1	1
OG0000267	4	6	6
OG0001962	1	1	1
OG0001430	1	1	1
OG0002693	1	6	6
OG0000019	1	6	6
OG0006338	6	6	6
OG0002933	1	1	1
OG0000164	1	6	6
OG0003881	1	6	6
OG0000560	1	6	6
OG0000053	1	1	1
OG0003117	6	6	6
OG0002193	6	6	6
OG0001004	6	6	6
OG0008045	1	5	5
OG0004408	1	1	1
OG0003663	1	6	6
OG0002690	6	6	6
OG0002130	6	6	6
OG0001134	1	1	1
OG0001062	1	1	1
OG0001384	3	6	6
OG0007223	1	6	6
OG0002150	1	6	6
OG0005380	6	6	6
OG0002698	1	1	1
OG0002598	7	21	21
OG0000272	1	1	1
OG0004997	1	10	10
OG0004572	6	6	6
OG0001550	6	6	6
OG0000551	6	6	6
OG0003423	6	6	6
OG0001054	1	6	6
OG0003417	6	6	6
OG0000117	1	6	6
OG0002979	1	6	6
OG0004312	7	7	7
OG0001510	1	1	1
OG0000183	14	14	14
OG0001669	7	7	7
OG0000000	1	6	6
OG0006073	1	6	6
OG0000384	6	6	6
OG0000472	1	2	2
OG0002418	6	6	6
OG0003537	1	6	6
OG0000710	1	7	7
OG0000705	6	6	6
OG0001640	6	6	6
OG0003081	1	6	6
OG0002111	1	6	6
OG0000544	15	15	15
OG0000002	1	6	6
OG0003848	1	6	6
OG0004974	6	6	6
OG0001165	1	1	1
OG0002946	1	6	6
OG0003895	7	7	7
OG0004633	1	6	6
OG0007247	1	7	7
OG0002232	6	6	6
OG0004532	1	1	1
OG0002100	1	6	6
OG0004218	1	6	6
OG0000689	1	1	1
OG0002803	6	6	6
OG0000391	4	6	6
OG0000123	1	1	1
OG0002001	1	1	1
OG0000842	16	16	16
OG0001337	6	6	6
OG0000588	1	6	6
OG0000305	6	6	6
OG0003655	1	6	6
OG0000414	1	13	13
OG0003353	1	6	6
OG0000181	5	6	6
OG0002495	1	1	1
OG0002950	1	6	6
OG0001077	6	6	6
OG0003424	6	6	6
OG0000228	1	1	1
OG0006143	1	1	1
OG0007449	1	7	7
OG0000025	1	6	6
OG0000317	6	6	6
OG0000928	6	6	6
OG0000999	8	8	8
OG0006005	6	6	6
OG0006958	22	22	22
OG0003337	1	1	1
OG0000398	6	6	6
OG0004655	1	6	6
OG0002308	6	6	6
OG0003555	1	1	1
OG0005168	1	6	6
OG0000213	6	6	6
OG0001352	1	6	6
OG0002189	1	1	1
OG0000763	6	6	6
OG0000879	21	21	21
OG0006200	1	6	6
OG0000725	1	1	1
OG0002033	1	1	1
OG0006614	6	6	6
OG0000573	1	6	6
OG0004735	1	6	6
OG0003940	6	6	6
OG0000926	1	6	6
OG0000173	6	6	6
OG0000885	1	1	1
OG0003684	1	1	1
OG0004611	6	6	6
OG0000648	4	6	6
OG0000761	1	1	1
OG0000533	1	1	1
OG0005638	1	7	7
OG0007189	1	7	7
OG0001496	1	6	6
OG0002428	1	6	6
OG0000134	1	6	6
OG0001268	14	15	15
OG0003607	6	6	6
OG0006322	1	6	6
OG0006973	1	6	6
OG0002769	6	6	6
OG0005478	1	6	6
OG0001469	1	1	1
OG0003615	1	6	6
OG0003712	1	6	6
OG0000630	6	6	6
OG0000175	6	7	7
OG0005963	1	6	6
OG0003764	1	3	3
OG0000176	1	6	6
OG0004549	1	6	6
OG0001252	1	5	5
OG0000614	16	16	16
OG0001131	1	13	13
OG0004846	7	7	7
OG0005209	6	6	6
OG0000135	1	6	6
OG0002299	1	6	6
OG0002423	6	6	6
OG0002090	6	6	6
OG0006830	6	6	6
OG0001418	1	1	1
OG0005762	2	6	6
OG0001223	1	6	6
OG0003105	1	1	1
OG0001113	1	6	6
OG0000241	1	1	1
OG0002785	6	6	6
OG0000989	1	1	1
OG0001730	1	6	6
OG0006208	1	6	6
OG0000195	1	6	6
OG0001419	1	1	1
OG0006935	1	1	1
OG0001740	1	1	1
OG0001406	1	1	1
OG0001781	1	1	1
OG0002766	1	1	1
OG0000179	1	1	1
OG0001979	6	6	6
OG0002707	1	6	6
OG0000336	1	1	1
OG0000323	1	6	6
OG0004029	6	6	6
OG0005977	7	7	7
OG0003518	1	6	6
OG0001151	16	16	16
OG0000712	1	1	1
OG0006352	1	6	6
OG0006493	6	6	6
OG0006076	1	6	6
OG0002784	1	1	1
OG0001343	1	1	1
OG0006089	1	6	6
OG0002136	1	6	6
OG0005739	1	6	6
OG0000535	1	6	6
OG0002053	1	6	6
OG0003472	6	6	6
OG0002319	1	6	6
OG0000684	3	3	3
OG0000580	6	6	6
OG0003682	6	6	6
OG0004737	1	6	6
OG0003664	6	6	6
OG0004074	1	8	8
OG0004226	6	6	6
OG0000612	1	1	1
OG0002117	19	19	19
OG0001089	1	5	5
OG0002897	1	1	1
OG0004299	6	6	6
OG0003011	1	6	6
OG0001489	1	7	7
OG0000559	6	6	6
OG0005551	1	3	3
OG0001944	6	6	6
OG0000032	1	1	1
OG0001222	1	6	6
OG0000363	6	6	6
OG0001869	1	6	6
OG0007082	19	19	19
OG0000248	1	1	1
OG0007625	1	6	6
OG0004166	1	1	1
OG0000720	1	1	1
OG0001310	6	6	6
OG0000889	6	6	6
OG0000605	1	10	10
OG0003635	1	6	6
OG0003917	1	1	1
OG0000268	14	14	14
OG0005315	1	6	6
OG0006672	1	6	6
OG0005572	6	6	6
OG0001739	1	6	6
OG0000191	6	6	6
OG0002715	6	6	6
OG0000492	1	6	6
OG0002640	7	7	7
OG0001756	6	6	6
OG0000011	6	6	6
OG0004355	6	6	6
OG0006372	19	19	19
OG0004573	6	6	6
OG0000509	6	6	6
OG0005571	6	6	6
OG0000616	1	6	6
OG0000041	1	13	13
OG0001379	1	6	6
OG0002936	1	1	1
OG0000145	6	6	6
OG0004519	1	1	1
OG0003531	1	1	1
OG0001898	1	1	1
OG0000284	1	1	1
OG0001267	6	6	6
OG0000051	1	6	6
OG0001055	1	1	1
OG0005678	6	6	6
OG0003189	6	6	6
OG0002724	1	5	5
OG0000399	1	5	5
OG0005041	1	6	6
OG0007969	5	5	5
OG0004116	1	6	6
OG0002262	1	1	1
OG0000096	6	6	6
OG0001695	1	6	6
OG0003753	8	8	8
OG0003505	6	6	6
OG0002397	1	6	6
OG0001641	1	1	1
OG0000790	1	1	1
OG0003534	6	6	6
OG0003898	6	6	6
OG0005951	6	6	6
OG0005737	6	6	6
OG0000455	1	1	1
OG0001244	1	10	10
OG0002847	1	6	6
OG0004540	1	6	6
OG0001835	1	6	6
OG0000948	1	6	6
OG0006316	4	6	6
OG0002375	1	6	6
OG0004224	6	6	6
OG0000063	1	6	6
OG0000646	16	19	19
OG0002986	1	6	6
OG0005554	6	6	6
OG0001194	19	19	19
OG0004629	1	1	1
OG0000557	6	6	6
OG0000835	6	6	6
OG0004780	6	6	6
OG0002389	1	6	6
OG0004146	1	6	6
OG0001660	6	6	6
OG0005033	6	6	6
OG0005993	6	6	6
OG0000321	1	6	6
OG0001001	1	1	1
OG0006432	1	6	6
OG0000355	1	1	1
OG0004236	1	6	6
OG0006140	6	12	12
OG0001936	6	6	6
OG0001046	1	1	1
OG0006897	1	6	6
OG0000826	6	6	6
OG0003732	1	1	1
OG0007927	1	7	7
OG0004809	1	6	6
OG0002455	6	6	6
OG0002675	1	1	1
OG0005636	7	7	7
OG0005793	1	8	8
OG0007130	6	6	6
OG0006476	1	6	6
OG0000027	1	1	1
OG0000539	1	1	1
OG0000526	1	6	6
OG0000728	1	6	6
OG0001407	1	1	1
OG0006097	6	6	6
OG0005020	2	5	5
OG0001984	1	6	6
OG0006215	1	6	6
OG0000419	5	6	6
OG0003029	14	14	14
OG0002154	1	2	2
OG0001088	1	6	6
OG0003307	1	6	6
OG0000254	6	6	6
OG0001923	1	6	6
OG0001225	6	6	6
OG0000975	1	1	1
OG0001950	1	1	1
OG0008736	12	12	12
OG0003503	7	7	7
OG0000152	1	1	1
OG0002393	1	1	1
OG0000206	1	6	6
OG0000595	6	6	6
OG0008059	16	16	16
OG0000892	1	6	6
OG0000263	1	6	6
OG0005080	6	6	6
OG0006439	1	1	1
OG0002990	1	6	6
OG0000753	3	3	3
OG0003249	1	6	6
OG0002414	6	6	6
OG0004073	6	6	6
OG0007751	1	5	5
OG0003632	1	6	6
OG0001367	1	6	6
OG0008586	6	6	6
OG0005249	1	1	1
OG0001755	6	6	6
OG0000489	1	6	6
OG0006831	6	6	6
OG0001330	1	6	6
OG0000638	1	6	6
OG0003068	1	1	1
OG0002357	1	1	1
OG0001166	6	6	6
OG0003548	6	6	6
OG0000867	1	1	1
OG0007088	6	6	6
OG0002740	1	8	8
OG0006160	6	6	6
OG0001794	13	13	13
OG0003096	6	6	6
OG0004548	1	6	6
OG0000130	1	6	6
OG0003611	1	6	6
OG0000013	1	1	1
OG0000529	6	6	6
OG0001433	1	1	1
OG0006954	14	14	14
OG0004293	1	6	6
OG0000238	6	6	6
OG0000069	7	7	7
OG0002364	1	6	6
OG0006293	6	6	6
OG0005262	1	6	6
OG0003846	1	6	6
OG0001935	1	1	1
OG0007045	5	22	22
OG0004417	1	6	6
OG0005917	1	6	6
OG0001537	6	14	14
OG0006826	1	8	8
OG0006437	6	6	6
OG0002924	1	6	6
OG0001848	1	1	1
OG0000210	1	6	6
OG0000320	6	6	6
OG0010484	22	22	22
OG0000326	1	1	1
OG0000688	3	6	6
OG0000264	6	7	7
OG0000046	1	6	6
OG0003354	1	6	6
OG0000639	1	1	1
OG0000578	1	7	7
OG0001056	6	21	21
OG0000097	1	6	6
OG0004238	6	6	6
OG0001431	1	6	6
OG0000447	1	6	6
OG0004071	1	14	14
OG0000631	6	6	6
OG0000632	1	1	1
OG0003798	1	6	6
OG0006675	6	6	6
OG0004144	1	6	6
OG0001720	6	6	6
OG0005586	1	6	6
OG0000444	6	6	6
OG0000003	6	6	6
OG0005095	1	6	6
OG0002633	1	6	6
OG0001877	1	1	1
OG0002697	1	6	6
OG0000251	1	6	6
OG0001949	1	6	6
OG0006931	6	6	6
OG0002579	1	6	6
OG0005393	6	6	6
OG0000514	1	6	6
OG0001312	1	1	1
OG0003134	6	6	6
OG0000010	1	1	1
OG0000197	1	1	1
OG0004695	1	1	1
OG0005995	1	1	1
OG0006465	1	6	6
OG0001612	1	1	1
OG0000601	6	6	6
OG0001847	6	6	6
OG0004066	1	1	1
OG0001191	1	6	6
OG0001544	6	15	15
OG0003112	6	6	6
OG0000155	1	1	1
OG0000752	1	6	6
OG0005679	6	6	6
OG0001141	1	6	6
OG0005456	6	6	6
OG0001374	6	6	6
OG0000104	6	6	6
OG0005172	1	10	10
OG0000582	6	6	6
OG0000184	1	6	6
OG0000216	1	6	6
OG0005776	1	6	6
OG0003612	6	6	6
OG0000055	1	1	1
OG0001868	7	16	16
OG0005667	1	6	6
OG0002832	1	6	6
OG0000910	14	14	14
OG0006623	1	1	1
OG0002470	6	6	6
OG0000446	1	6	6
OG0002437	6	6	6
OG0000706	1	1	1
OG0004396	1	1	1
OG0001475	6	6	6
OG0007771	10	10	10
OG0000205	1	14	14
OG0002543	6	6	6
OG0005540	6	6	6
OG0005001	1	1	1
OG0000282	1	1	1
OG0001028	1	6	6
OG0008049	6	6	6
OG0003058	1	1	1
OG0005945	6	6	6
OG0002186	6	6	6
OG0004454	6	6	6
OG0000234	1	6	6
OG0001157	5	5	5
OG0000232	1	6	6
OG0002208	6	6	6
OG0001364	1	1	1
OG0006815	6	6	6
OG0003721	1	6	6
OG0002944	1	6	6
OG0000249	6	6	6
OG0000482	1	1	1
OG0001128	1	6	6
OG0000553	1	1	1
OG0000362	6	6	6
OG0004657	6	10	10
OG0000044	1	15	15
OG0000659	1	21	21
OG0000786	1	1	1
OG0003532	1	1	1
OG0002257	1	6	6
OG0001553	1	6	6
OG0001512	1	1	1
OG0000038	1	16	16
OG0004043	1	1	1
OG0002236	1	6	6
OG0004369	6	6	6
OG0002168	1	6	6
OG0003346	6	6	6
OG0001947	1	1	1
OG0002182	6	6	6
OG0001295	1	6	6
OG0002877	6	6	6
OG0001525	1	1	1
OG0002767	6	6	6
OG0001231	4	6	6
OG0002885	1	6	6
OG0003184	1	1	1
OG0001382	1	6	6
OG0000583	6	6	6
OG0002036	6	6	6
OG0006636	6	6	6
OG0005062	1	6	6
OG0000378	2	2	2
OG0004493	1	6	6
OG0004713	1	6	6
OG0000171	1	6	6
OG0007655	1	6	6
OG0003559	6	6	6
OG0000190	7	7	7
OG0001273	16	16	16
OG0001018	1	1	1
OG0003340	1	6	6
OG0001177	1	6	6
OG0003513	19	19	19
OG0000677	6	6	6
OG0002504	6	6	6
OG0000093	1	14	14
OG0000350	6	6	6
OG0000876	11	11	11
OG0000734	1	6	6
OG0004086	1	6	6
OG0005757	6	6	6
OG0004892	1	6	6
OG0002077	6	6	6
OG0001995	8	8	8
OG0000602	6	6	6
OG0004172	6	6	6
OG0003983	6	6	6
OG0002620	1	6	6
OG0000247	5	6	6
OG0000278	1	1	1
OG0003641	1	7	7
OG0000452	1	1	1
OG0001833	1	1	1
OG0003685	6	6	6
OG0002489	1	6	6
OG0000716	1	14	14
OG0004151	1	6	6
OG0002856	1	6	6
OG0004716	1	6	6
OG0004514	6	6	6
OG0002110	1	6	6
OG0000861	4	6	6
OG0005412	6	6	6
OG0000723	8	8	8
OG0002311	6	6	6
OG0002959	1	1	1
OG0000146	1	1	1
OG0007192	6	6	6
OG0006318	6	6	6
OG0000607	6	6	6
OG0000721	1	5	5
OG0001154	8	14	14
OG0004021	1	1	1
OG0000188	1	1	1
OG0009065	1	11	11
OG0000322	1	1	1
OG0003047	1	1	1
OG0001701	6	6	6
OG0004650	6	6	6
OG0000136	7	7	7
OG0004619	6	6	6
OG0006616	6	6	6
OG0003342	6	6	6
OG0001238	17	17	17
OG0005252	6	6	6
OG0002385	6	6	6
OG0000548	6	6	6
OG0003046	1	6	6
OG0005178	1	7	7
OG0001365	1	1	1
OG0000775	6	6	6
OG0001307	1	14	14
OG0003526	1	6	6
OG0004941	1	1	1
OG0002029	1	1	1
OG0003053	1	1	1
OG0000356	1	6	6
OG0001629	1	6	6
OG0003497	1	1	1
OG0000935	19	19	19
OG0003409	6	6	6
OG0003076	1	1	1
OG0001011	6	6	6
OG0005206	1	6	6
OG0000260	6	6	6
OG0003573	1	6	6
OG0003142	1	6	6
OG0002213	6	6	6
OG0000338	1	1	1
OG0000772	1	8	8
OG0001064	1	1	1
OG0005302	1	6	6
OG0006621	1	6	6
OG0004136	1	6	6
OG0000151	1	6	6
OG0005006	1	6	6
OG0005833	6	6	6
OG0002612	6	6	6
OG0001795	1	1	1
OG0001318	6	6	6
OG0000187	1	14	14
OG0002562	1	1	1
OG0005050	1	6	6
OG0002622	6	6	6
OG0000098	6	6	6
OG0000377	1	6	6
OG0003878	6	6	6
OG0001014	1	6	6
OG0001909	1	6	6
OG0000068	1	1	1
OG0000742	6	6	6
OG0001078	1	6	6
OG0003102	6	6	6
OG0005211	1	1	1
OG0005513	1	1	1
OG0000678	1	1	1
OG0005854	6	6	6
OG0005257	6	6	6
OG0003078	1	6	6
OG0006015	5	6	6
OG0001734	6	6	6
OG0003665	6	6	6
OG0001254	1	1	1
OG0000283	1	6	6
OG0000552	1	6	6
OG0003947	6	6	6
OG0001145	1	6	6
OG0000911	1	6	6
OG0000773	1	6	6
OG0005604	1	1	1
OG0002544	6	6	6
OG0001634	1	9	9
OG0000729	1	19	19
OG0002358	1	6	6
OG0001746	1	6	6
OG0001412	1	1	1
OG0001519	1	1	1
OG0007778	1	6	6
OG0001389	1	1	1
OG0000627	6	6	6
OG0000221	1	19	19
OG0004163	7	7	7
OG0000762	1	1	1
OG0001665	6	6	6
OG0008741	19	19	19
OG0000445	1	1	1
OG0007621	12	12	12
OG0000738	1	6	6
OG0000700	1	1	1
OG0003411	6	6	6
OG0003925	1	1	1
OG0005493	1	6	6
OG0003273	12	12	12
OG0001859	6	6	6
OG0002483	1	6	6
OG0004475	6	6	6
OG0000029	1	1	1
OG0001614	1	6	6
OG0000437	1	6	6
OG0001024	1	6	6
OG0001518	1	6	6
OG0002131	4	6	6
OG0001966	1	6	6
OG0003433	1	6	6
OG0000049	1	1	1
OG0001112	1	6	6
OG0003268	1	6	6
OG0004044	1	6	6
OG0004686	6	6	6
OG0003221	1	6	6
OG0000174	1	6	6
OG0000604	6	6	6
OG0007238	14	14	14
OG0004140	1	6	6
OG0000991	1	6	6
OG0005472	1	6	6
OG0001260	1	7	7
OG0000443	6	6	6
OG0001404	1	1	1
OG0006905	5	6	6
OG0005740	6	6	6
OG0004048	14	14	14
OG0000318	6	6	6
OG0004254	1	6	6
OG0000332	6	6	6
OG0006431	1	21	21
OG0000909	1	6	6
OG0003208	1	6	6
OG0001865	1	1	1
OG0004348	6	7	7
OG0000133	6	15	15
OG0002267	1	6	6
OG0003138	1	6	6
OG0001637	6	6	6
OG0002226	1	1	1
OG0007743	15	15	15
OG0002237	1	6	6
OG0000814	1	6	6
OG0000947	1	6	6
OG0007198	6	6	6
OG0001125	1	1	1
OG0004335	1	6	6
OG0006122	1	6	6
OG0000121	1	6	6
OG0005197	6	7	7
OG0001837	1	6	6
OG0000924	6	6	6
OG0000071	14	14	14
OG0000416	1	6	6
OG0004503	1	6	6
OG0001441	7	7	7
OG0000132	1	1	1
OG0002710	6	6	6
OG0000422	1	1	1
OG0000052	6	6	6
OG0004614	1	6	6
OG0002619	1	1	1
OG0006778	1	3	3
OG0001932	1	6	6
OG0002826	6	6	6
OG0000778	14	14	14
OG0002968	6	6	6
OG0000621	1	6	6
OG0001072	1	1	1
OG0001005	1	1	1
OG0001368	1	1	1
OG0004300	1	6	6
OG0000004	6	6	6
OG0003861	1	6	6
OG0006806	1	12	12
OG0004079	1	6	6
OG0006653	6	7	7
OG0006509	5	10	10
OG0000618	4	6	6
OG0001568	6	6	6
OG0002059	14	19	19
OG0004449	1	6	6
OG0002329	1	6	6
OG0000142	1	1	1
OG0005290	1	6	6
OG0000230	1	1	1
OG0000281	1	1	1
OG0001664	1	6	6
OG0000653	1	15	15
OG0002591	1	1	1
OG0000020	1	1	1
OG0000478	6	6	6
OG0001111	1	1	1
OG0002566	15	15	15
OG0000406	1	3	3
OG0002783	1	8	8
OG0004178	1	1	1
OG0000890	6	6	6
OG0000390	1	6	6
OG0005065	6	6	6
OG0002081	1	6	6
OG0000141	6	6	6
OG0005076	1	8	8
OG0005782	1	6	6
OG0005208	1	6	6
OG0004866	1	6	6
OG0004960	1	6	6
OG0001101	1	1	1
OG0002516	6	6	6
OG0001630	1	6	6
OG0001569	1	1	1
OG0002366	1	1	1
OG0003041	1	6	6
OG0002915	1	6	6
OG0000457	1	1	1
OG0002816	1	6	6
OG0004968	6	6	6
OG0000126	1	6	6
OG0000625	6	6	6
OG0001015	1	1	1
OG0002600	6	16	16
OG0001003	6	6	6
OG0006649	6	6	6
OG0002991	1	6	6
OG0002523	4	4	4
OG0000420	4	6	6
OG0001767	1	1	1
OG0001099	1	1	1
OG0001050	1	1	1
OG0002260	1	6	6
OG0003614	1	1	1
OG0000099	1	1	1
OG0005916	6	6	6
OG0000153	6	13	13
OG0000589	6	6	6
OG0003296	6	6	6
OG0003810	1	1	1
OG0002652	6	6	6
OG0003226	6	6	6
OG0004642	1	6	6
OG0004346	1	6	6
OG0002352	1	1	1
OG0003072	1	6	6
OG0005030	6	6	6
OG0000344	11	12	12
OG0003643	6	6	6
OG0006265	6	6	6
OG0002101	1	1	1
OG0006341	1	1	1
OG0000083	1	1	1
OG0004799	6	6	6
OG0000312	1	1	1
OG0001741	1	1	1
OG0000244	1	6	6
OG0001095	6	6	6
OG0000983	1	1	1
OG0004838	6	6	6
OG0001069	13	13	13
OG0001221	6	6	6
OG0002347	6	6	6
OG0004418	1	6	6
OG0006141	8	8	8
OG0003229	6	6	6
OG0000061	1	5	5
OG0003984	1	6	6
OG0001202	1	1	1
OG0001247	1	1	1
OG0004561	1	6	6
OG0001123	6	6	6
OG0000177	1	1	1
OG0007186	1	1	1
OG0003067	1	6	6
OG0004274	1	6	6
OG0000339	14	14	14
OG0002058	7	7	7
OG0003869	1	1	1
OG0003755	1	6	6
OG0007336	1	8	8
OG0000330	1	1	1
OG0004927	1	6	6
OG0003561	1	6	6
OG0001549	6	6	6
OG0000064	1	6	6
OG0001096	6	6	6
OG0000435	1	2	2
OG0001152	1	6	6
OG0004900	1	6	6
OG0000556	1	6	6
OG0000225	1	6	6
OG0005098	6	6	6
OG0004198	1	6	6
OG0000541	1	1	1
OG0000295	5	5	5
OG0004406	1	6	6
OG0006195	1	6	6
OG0006586	1	6	6
OG0000116	1	1	1
OG0005110	6	6	6
OG0010587	7	21	21
OG0003728	1	7	7
OG0001140	6	6	6
OG0006803	6	6	6
OG0002787	1	1	1
OG0000805	1	1	1
OG0002858	6	6	6
OG0000466	1	6	6
OG0004125	1	6	6
OG0000976	5	16	16
OG0004834	7	7	7
OG0000868	1	1	1
OG0000473	1	1	1
OG0002376	1	6	6
OG0002341	1	8	8
OG0005652	1	6	6
OG0003493	6	6	6
OG0004797	6	6	6
OG0003313	4	6	6
OG0001867	6	6	6
OG0000836	6	6	6
OG0004380	1	6	6
OG0001974	6	6	6
OG0005261	1	1	1
OG0004124	1	6	6
OG0000770	1	7	7
OG0001143	1	8	8
OG0001855	6	6	6
OG0000611	6	6	6
OG0006144	6	6	6
OG0003938	6	6	6
OG0005904	6	6	6
OG0006469	1	6	6
OG0000590	1	6	6
OG0005732	1	1	1
OG0000207	6	6	6
OG0006948	1	6	6
OG0004065	1	6	6
OG0000579	1	1	1
OG0003792	1	6	6
OG0001616	5	6	6
OG0000754	1	6	6
OG0002104	1	3	3
OG0003374	6	6	6
OG0002768	6	6	6
OG0009094	14	14	14
OG0001393	1	1	1
OG0005752	6	6	6
OG0007139	6	6	6
OG0004412	6	6	6
OG0000782	1	1	1
OG0003148	1	6	6
OG0000306	19	19	19
OG0005645	1	7	7
OG0001967	1	5	5
OG0004966	6	6	6
OG0005590	6	6	6
OG0001103	5	9	9
OG0000733	1	1	1
OG0000518	8	8	8
OG0004923	1	6	6
OG0000668	1	7	7
OG0003544	1	1	1
OG0001051	1	8	8
OG0005536	6	6	6
OG0005920	1	6	6
OG0006759	1	1	1
OG0003795	1	6	6
OG0000143	1	1	1
OG0000286	1	8	8
OG0006129	6	6	6
OG0002254	6	6	6
OG0005193	1	1	1
OG0003902	1	1	1
OG0002183	6	6	6
OG0003160	1	16	16
OG0003277	6	6	6
OG0004718	2	2	2
OG0001856	6	6	6
OG0000939	1	1	1
OG0000620	1	6	6
OG0003219	6	6	6
OG0001894	6	6	6
OG0001736	1	1	1
OG0000576	1	1	1
OG0000290	14	14	14
OG0000058	6	6	6
OG0002518	1	6	6
OG0003511	1	1	1
OG0002570	6	6	6
OG0002980	1	1	1
OG0000442	19	19	19
OG0000474	1	1	1
OG0004304	6	7	7
OG0005289	6	6	6
OG0001291	1	5	5
OG0005081	6	6	6
OG0004707	1	7	7
OG0000691	6	6	6
OG0001745	6	6	6
OG0000062	1	3	3
OG0000962	6	6	6
OG0000886	1	1	1
OG0004487	7	7	7
OG0001545	1	8	8
OG0006441	1	6	6
OG0000106	1	2	2
OG0005067	1	6	6
OG0000718	1	1	1
OG0000703	1	6	6
OG0000549	1	6	6
OG0002415	1	6	6
OG0000737	1	1	1
OG0003225	1	1	1
OG0002291	1	1	1
OG0002819	5	6	6
OG0000220	12	12	12
OG0000577	6	6	6
OG0001645	6	6	6
OG0001170	5	12	12
OG0001554	1	12	12
OG0000158	1	7	7
OG0000798	4	6	6
OG0005218	6	6	6
OG0001086	4	6	6
OG0003031	14	14	14
OG0004859	4	6	6
OG0006701	1	12	12
OG0001532	6	6	6
OG0000513	6	11	11
OG0003204	6	6	6
OG0001776	1	6	6
OG0004738	6	6	6
OG0002228	6	6	6
OG0000797	15	15	15
OG0002301	6	6	6
OG0004222	6	6	6
OG0002507	13	13	13
OG0004527	1	14	14
OG0005109	10	10	10
OG0001059	6	6	6
OG0002965	1	6	6
OG0003116	1	1	1
OG0000090	1	6	6
OG0001195	1	6	6
OG0005277	1	6	6
OG0003036	1	6	6
OG0000633	1	1	1
OG0000486	1	6	6
OG0000078	6	6	6
OG0000637	1	1	1
OG0002133	1	1	1
OG0003512	7	7	7
OG0002811	6	6	6
OG0005626	1	6	6
OG0002340	6	6	6
OG0006037	1	1	1
OG0002085	1	1	1
OG0001836	1	6	6
OG0002881	1	6	6
OG0002833	6	14	14
OG0001047	6	6	6
OG0003603	6	6	6
OG0000498	6	6	6
OG0003683	6	6	6
OG0006605	19	19	19
OG0001294	1	6	6
OG0007010	7	7	7
OG0004294	1	6	6
OG0000200	1	6	6
OG0002323	6	6	6
OG0000381	2	6	6
OG0000971	1	6	6
OG0006308	1	1	1
OG0005439	6	6	6
OG0005013	1	6	6
OG0003747	1	6	6
OG0004164	1	6	6
